Date,cond_rho_30,spearman_rho_30,error
2015-12-21,0.32392752209720704,0.8195943998637646,-0.49566687776655755
2015-12-22,0.2765474565547445,0.8192601744657764,-0.5427127179110318
2015-12-23,0.3078996870487301,0.8404528766806284,-0.5325531896318982
2015-12-24,0.28796882656593625,0.8408191301472137,-0.5528503035812774
2015-12-28,0.31952075647422057,0.8416600564821417,-0.5221393000079211
2015-12-29,0.09261185893648181,0.8199507084415014,-0.7273388495050196
2015-12-30,0.06515596905386067,0.8196666180000022,-0.7545106489461415
2015-12-31,0.06841850314202745,0.8181145517197975,-0.7496960485777701
2016-01-04,0.04876476856639007,0.8326151624726721,-0.783850393906282
2016-01-05,0.059506233719982475,0.8087854563875313,-0.7492792226675489
2016-01-06,0.0271975281187734,0.8067115843160408,-0.7795140561972674
2016-01-07,-0.04722439540962183,0.7921601048877331,-0.839384500297355
2016-01-08,-0.03584905540346738,0.8070462583539407,-0.8428953137574081
2016-01-11,-0.21397619352116265,0.7958931102720123,-1.009869303793175
2016-01-12,-0.1310959780646405,0.7993012659305537,-0.9303972439951942
2016-01-13,-0.16191928715505857,0.809038170937129,-0.9709574580921876
2016-01-14,-0.10208115051181386,0.7986716032934272,-0.9007527538052411
2016-01-15,-0.018613321264237478,0.8123194919735036,-0.830932813237741
2016-01-19,-0.05303703691763942,0.8141373348914088,-0.8671743718090482
2016-01-20,0.07072489260326807,0.8061936593569742,-0.7354687667537061
2016-01-21,0.10178203666924407,0.7770191298380499,-0.6752370931688059
2016-01-22,0.006839263796856201,0.7647396934436662,-0.75790042964681
2016-01-25,0.015211604056094992,0.771268301210599,-0.756056697154504
2016-01-26,0.020967904634114447,0.7789401237151587,-0.7579722190810443
2016-01-27,0.04837847393873774,0.7868755288758144,-0.7384970549370766
2016-01-28,0.13477957902469428,0.8070926380011016,-0.6723130589764074
2016-01-29,0.05455949158604473,0.8052871887372761,-0.7507276971512313
2016-02-01,0.15606815423016707,0.8102866772594601,-0.6542185230292931
2016-02-02,0.3842210749687356,0.8046624800844131,-0.4204414051156775
2016-02-03,0.2064907256729853,0.760771102973144,-0.5542803773001587
2016-02-04,0.1880861185728935,0.7452915492146183,-0.5572054306417248
2016-02-05,0.18200656352897773,0.7496396710799488,-0.5676331075509711
2016-02-08,0.0812467854483128,0.760147692419471,-0.6789009069711582
2016-02-09,0.11808937661994917,0.7774259945070149,-0.6593366178870657
2016-02-10,0.20181652092175642,0.7799102405508478,-0.5780937196290914
2016-02-11,0.14663832289895454,0.7733314309668918,-0.6266931080679373
2016-02-12,0.16356104981081748,0.7843417608768541,-0.6207807110660366
2016-02-16,0.10419494056284906,0.771552441676804,-0.667357501113955
2016-02-17,-0.0074282355205163245,0.8245441579214312,-0.8319723934419475
2016-02-18,-0.01575453885051852,0.83958138598432,-0.8553359248348384
2016-02-19,-0.01216103168266814,0.842079713606167,-0.8542407452888351
2016-02-22,0.12714968995982734,0.8532915747018912,-0.7261418847420639
2016-02-23,0.11674135751581484,0.8564104338430054,-0.7396690763271906
2016-02-24,0.13690606342843092,0.8731536507302532,-0.7362475873018223
2016-02-25,0.10251521486984803,0.8703985391436958,-0.7678833242738478
2016-02-26,0.08493587009564083,0.8631354904229117,-0.7781996203272709
2016-02-29,0.08398528616237619,0.8783384823658801,-0.7943531962035039
2016-03-01,0.07111111764675296,0.8690285446354022,-0.7979174269886493
2016-03-02,0.03848325214737354,0.8668466419641895,-0.8283633898168159
2016-03-03,0.037596297646422555,0.8800015156536214,-0.8424052180071988
2016-03-04,0.018871445139849452,0.8833412517190418,-0.8644698065791923
2016-03-07,0.1327816831192274,0.8462474586001031,-0.7134657754808758
2016-03-08,0.09922694823147517,0.8415414865264085,-0.7423145382949333
2016-03-09,0.31731310683724034,0.837735229523498,-0.5204221226862576
2016-03-10,0.2904316319723587,0.8390700048851113,-0.5486383729127526
2016-03-11,0.42551302744355957,0.8441826275817232,-0.4186696001381637
2016-03-14,0.37645816740034477,0.8302865561448444,-0.4538283887444996
2016-03-15,0.43463943266885996,0.8343354367264317,-0.3996960040575718
2016-03-16,0.42617910246615237,0.8344478074825636,-0.40826870501641127
2016-03-17,0.3917502419654461,0.8444226669572862,-0.45267242499184007
2016-03-18,0.3733723800847203,0.8120553196100944,-0.43868293952537407
2016-03-21,0.5055331760666351,0.8095615572928988,-0.30402838122626374
2016-03-22,0.4656425988705156,0.7998892702799635,-0.33424667140944786
2016-03-23,0.4844368490303178,0.7946592232750431,-0.3102223742447253
2016-03-24,0.3770137888451354,0.8099195116437699,-0.43290572279863443
2016-03-28,0.4656063243982094,0.8108593371318953,-0.34525301273368586
2016-03-29,0.328767692958076,0.794194489230824,-0.465426796272748
2016-03-30,0.7563336805121623,0.8001665766965486,-0.04383289618438624
2016-03-31,0.32996476703445804,0.7599319634548071,-0.42996719642034903
2016-04-01,0.36226514213355254,0.7590655961212027,-0.3968004539876502
2016-04-04,0.1254991887093552,0.747190797752578,-0.6216916090432228
2016-04-05,0.1723899166452686,0.7479534581744602,-0.5755635415291916
2016-04-06,0.03583152177937087,0.7513732148579468,-0.715541693078576
2016-04-07,-0.0011295599870852452,0.7550282894717675,-0.7561578494588527
2016-04-08,0.08834333949758719,0.7590522888754487,-0.6707089493778615
2016-04-11,0.18867656132806293,0.7582806396729355,-0.5696040783448726
2016-04-12,0.06501651319471821,0.7745544723196204,-0.7095379591249021
2016-04-13,0.046985499642961046,0.7578993060759115,-0.7109138064329504
2016-04-14,0.038278018946965205,0.7469419069397684,-0.7086638879928031
2016-04-15,0.24522302453087372,0.7497757817756687,-0.504552757244795
2016-04-18,0.22063683479750776,0.7420051162227721,-0.5213682814252644
2016-04-19,0.24022204745291278,0.7581838870217468,-0.517961839568834
2016-04-20,0.2933658386823439,0.7688221063681229,-0.475456267685779
2016-04-21,0.28867357762418205,0.775694583248581,-0.48702100562439893
2016-04-22,0.32246105317642537,0.7715906415412723,-0.44912958836484695
2016-04-25,0.46874179984937947,0.7611312078429966,-0.2923894079936171
2016-04-26,0.45807503124673443,0.7626828862332016,-0.30460785498646714
2016-04-27,0.460291085998361,0.7573566178131061,-0.29706553181474515
2016-04-28,0.5227604045772681,0.7602220235490524,-0.2374616189717843
2016-04-29,0.47296924071567453,0.7659777201776605,-0.293008479461986
2016-05-02,0.5127558180544197,0.7816588949488024,-0.26890307689438264
2016-05-03,0.3442970283761504,0.770711313365479,-0.42641428498932865
2016-05-04,0.3207686541145823,0.7770551605012618,-0.4562865063866795
2016-05-05,0.4732408771656961,0.7791950736987145,-0.3059541965330184
2016-05-06,0.26267850552275146,0.7256235812943015,-0.46294507577155003
2016-05-09,0.2671833610087854,0.7214200271466257,-0.45423666613784025
2016-05-10,0.3271459197284524,0.767108808097406,-0.4399628883689536
2016-05-11,0.3242804849767623,0.7840300601590335,-0.4597495751822712
2016-05-12,0.2612634453497893,0.7885464235088179,-0.5272829781590286
2016-05-13,0.27465791279730206,0.7923839481968622,-0.5177260353995601
2016-05-16,0.21820375692662425,0.7959877548212101,-0.5777839978945858
2016-05-17,0.2235837089559852,0.7907020568267094,-0.5671183478707241
2016-05-18,0.20061688722604346,0.7870750014888886,-0.5864581142628452
2016-05-19,0.22365078947879294,0.8089832011731574,-0.5853324116943645
2016-05-20,0.09083282811967168,0.7989554521452683,-0.7081226240255967
2016-05-23,0.2240029230807178,0.8049144098096292,-0.5809114867289115
2016-05-24,0.2272039817122625,0.7927549606690241,-0.5655509789567615
2016-05-25,0.2494698213254452,0.8042008192267048,-0.5547309979012596
2016-05-26,0.25204800028311947,0.8183743529171145,-0.566326352633995
2016-05-27,0.26530813605563497,0.8247081006005322,-0.5593999645448973
2016-05-31,0.2340873933789498,0.8256712844282992,-0.5915838910493494
2016-06-01,0.33264261176786974,0.7993946928714794,-0.4667520811036096
2016-06-02,0.06536519372950603,0.7925170713816756,-0.7271518776521696
2016-06-03,0.13252752661973297,0.7953920958953387,-0.6628645692756057
2016-06-06,0.0032040953460764215,0.8238828036974678,-0.8206787083513913
2016-06-07,0.009789782681311907,0.8349300827379164,-0.8251403000566044
2016-06-08,0.007635194275884233,0.834278258758748,-0.8266430644828637
2016-06-09,0.047989961428091726,0.8306788740999932,-0.7826889126719014
2016-06-10,0.10256170495668121,0.828910542503433,-0.7263488375467517
2016-06-13,0.1686151907756992,0.8115656009957446,-0.6429504102200454
2016-06-14,0.14396181685300985,0.8179289515719695,-0.6739671347189597
2016-06-15,0.10136002698668735,0.8290399880757722,-0.7276799610890848
2016-06-16,0.09320532460626577,0.8312010629726482,-0.7379957383663824
2016-06-17,0.033740675672920245,0.8386698189361338,-0.8049291432632135
2016-06-20,0.0846251643464956,0.8474634546739144,-0.7628382903274188
2016-06-21,0.2800484346650435,0.8373199500829882,-0.5572715154179447
2016-06-22,0.05322990474129321,0.8127621151185744,-0.7595322103772812
2016-06-23,0.11479298338992763,0.8135105127114816,-0.698717529321554
2016-06-24,0.1221485632506964,0.7922290156903018,-0.6700804524396053
2016-06-27,0.456934164845689,0.7590731802382701,-0.3021390153925811
2016-06-28,0.45303510438415856,0.755233254199522,-0.30219814981536347
2016-06-29,0.4548635018440348,0.7419141589361551,-0.2870506570921203
2016-06-30,0.4119142148950351,0.7169724329522126,-0.3050582180571775
2016-07-01,0.5702068605611,0.6711762701707884,-0.10096940960968837
2016-07-05,0.5395647597947142,0.682357677111548,-0.14279291731683386
2016-07-06,0.5153228682910249,0.6833675178826982,-0.1680446495916733
2016-07-07,0.5075360825081283,0.6803759625845553,-0.17283988007642703
2016-07-08,0.5201039336441311,0.6588090973331712,-0.13870516368904007
2016-07-11,0.41022114929365433,0.6513926163415932,-0.24117146704793885
2016-07-12,0.39775765375696825,0.6438840544113199,-0.24612640065435165
2016-07-13,0.3606537259896108,0.6511868478214577,-0.29053312183184693
2016-07-14,0.2981874527262155,0.6733604456937401,-0.3751729929675246
2016-07-15,0.29626240806850856,0.6805976650784179,-0.38433525700990934
2016-07-18,0.3577864784617529,0.6829425716889684,-0.32515609322721556
2016-07-19,0.07510493337278203,0.6672274081075971,-0.592122474734815
2016-07-20,0.08996086554499151,0.6588760943789155,-0.568915228833924
2016-07-21,0.20481338764240387,0.6837285325273724,-0.47891514488496856
2016-07-22,0.09215470130352423,0.6844112438234231,-0.5922565425198989
2016-07-25,0.0026067000144260302,0.6902676382348687,-0.6876609382204427
2016-07-26,-0.021701023850434188,0.6967943339140127,-0.7184953577644468
2016-07-27,-0.02026241189959872,0.6986425653940315,-0.7189049772936302
2016-07-28,0.004654432210329435,0.7159791939359076,-0.7113247617255781
2016-07-29,0.12069428772234286,0.715928966830451,-0.5952346791081082
2016-08-01,0.21461282335798015,0.7033381575879093,-0.48872533422992914
2016-08-02,0.16829296969586538,0.6973740187182162,-0.5290810490223509
2016-08-03,0.2018319655193407,0.6989530072347864,-0.4971210417154457
2016-08-04,0.16258433924856666,0.6821052694118325,-0.5195209301632658
2016-08-05,0.16857799573902577,0.6805888080910533,-0.5120108123520275
2016-08-08,0.35300861290563224,0.7187820164991102,-0.365773403593478
2016-08-09,0.25091402074638464,0.8170334748840992,-0.5661194541377146
2016-08-10,0.23180247535252277,0.8268866317691553,-0.5950841564166326
2016-08-11,0.14247434344910756,0.8472668071606492,-0.7047924637115416
2016-08-12,0.033666937733053466,0.8594491893423031,-0.8257822516092496
2016-08-15,0.22112711900476348,0.8647194161410647,-0.6435922971363013
2016-08-16,0.21204218866136804,0.8604225853669755,-0.6483803967056074
2016-08-17,0.17404475776876846,0.8507465073275438,-0.6767017495587753
2016-08-18,0.04564734777597315,0.8460808105936839,-0.8004334628177108
2016-08-19,0.038034397801062124,0.8561400465365565,-0.8181056487354944
2016-08-22,-0.11255428472171865,0.8716287927452697,-0.9841830774669884
2016-08-23,-0.07214756246798545,0.8862868740860766,-0.9584344365540621
2016-08-24,0.014606086761534347,0.9159581203359379,-0.9013520335744036
2016-08-25,0.02297034238299707,0.9131475164720058,-0.8901771740890086
2016-08-26,0.011984744201627545,0.9177122135446838,-0.9057274693430563
2016-08-29,-0.14433586446030763,0.9095680222031083,-1.0539038866634158
2016-08-30,-0.14479738712844334,0.9053341011317814,-1.0501314882602246
2016-08-31,0.013957917854697532,0.9119306959177335,-0.8979727780630359
2016-09-01,0.17436997149873112,0.8972520634682292,-0.722882091969498
2016-09-02,0.08436790557020224,0.8832451910248921,-0.7988772854546898
2016-09-06,-0.029297823537780113,0.8892098439108004,-0.9185076674485805
2016-09-07,0.04497480043333921,0.908543426105275,-0.8635686256719358
2016-09-08,0.17209669017895005,0.9073205008043289,-0.7352238106253789
2016-09-09,0.10019415051553995,0.8911753588769933,-0.7909812083614534
2016-09-12,0.09948613266343348,0.8849887149942921,-0.7855025823308586
2016-09-13,0.10162543674141634,0.8904019631250288,-0.7887765263836125
2016-09-14,0.1982821601292076,0.8919108148696266,-0.693628654740419
2016-09-15,0.18053901084313986,0.894022546641852,-0.7134835357987122
2016-09-16,0.13821762222174894,0.8756260893038487,-0.7374084670820997
2016-09-19,0.25438419441196974,0.8763726873375873,-0.6219884929256176
2016-09-20,0.19932305825152666,0.8416083853892468,-0.6422853271377201
2016-09-21,0.20343180865604757,0.8427511040414087,-0.6393192953853611
2016-09-22,0.18855457636307604,0.8661520584813858,-0.6775974821183097
2016-09-23,0.20130877983501225,0.8634323946762577,-0.6621236148412454
2016-09-26,0.13547198351921108,0.8509090686518177,-0.7154370851326066
2016-09-27,0.07816232718453896,0.844010371536975,-0.765848044352436
2016-09-28,-0.07467604338384488,0.8462647565807893,-0.9209407999646342
2016-09-29,-0.09468916418786401,0.8487914202937108,-0.9434805844815748
2016-09-30,-0.08496772584047621,0.8530403831299761,-0.9380081089704523
2016-10-03,-0.04328914679827531,0.8443805650487345,-0.8876697118470098
2016-10-04,-0.10849072248422716,0.8253840136076338,-0.933874736091861
2016-10-05,0.06768191410383813,0.8888866906873095,-0.8212047765834714
2016-10-06,0.11730198726649702,0.888765096587833,-0.771463109321336
2016-10-07,0.07435305503796924,0.8872707512563047,-0.8129176962183355
2016-10-10,0.05453846086396985,0.8857267918015236,-0.8311883309375537
2016-10-11,0.07287003250220621,0.8889130551023718,-0.8160430226001656
2016-10-12,0.07074258867357686,0.8895286140955798,-0.818786025422003
2016-10-13,0.2351617272019413,0.8899684692475471,-0.6548067420456058
2016-10-14,0.25379088600054706,0.8887286176343081,-0.634937731633761
2016-10-17,0.2959001644411389,0.88439052498531,-0.5884903605441711
2016-10-18,0.36218066492489515,0.8757701609524631,-0.513589496027568
2016-10-19,0.27933884788382374,0.854806360224219,-0.5754675123403952
2016-10-20,0.30631714472269517,0.8574594202748763,-0.5511422755521811
2016-10-21,0.3091614412333046,0.8567077651202752,-0.5475463238869707
2016-10-24,0.38181774659970685,0.8674644914226518,-0.48564674482294495
2016-10-25,0.3706185818549417,0.8659622756663482,-0.4953436938114065
2016-10-26,0.03434739592941731,0.8666152511665071,-0.8322678552370898
2016-10-27,0.011204316242153673,0.8664142981879638,-0.8552099819458101
2016-10-28,0.05648596696512017,0.8789402300649422,-0.822454263099822
2016-10-31,0.14255220061163892,0.8825360513417805,-0.7399838507301415
2016-11-01,0.07392364047622357,0.8988357843375091,-0.8249121438612855
2016-11-02,0.2732350201322453,0.8905566127976149,-0.6173215926653696
2016-11-03,0.09849880150297702,0.8767249816324869,-0.7782261801295098
2016-11-04,0.07159685697669939,0.8538645819625258,-0.7822677249858264
2016-11-07,0.09427741877893142,0.8650945730399988,-0.7708171542610673
2016-11-08,0.07614523169561861,0.8493708932234848,-0.7732256615278662
2016-11-09,0.016819742573256736,0.8332660605324609,-0.8164463179592042
2016-11-10,0.0018632149445418165,0.836295048135567,-0.8344318331910252
2016-11-11,-0.04905311427549779,0.7707749901085698,-0.8198281043840675
2016-11-14,-0.013690784771331538,0.8010705666025659,-0.8147613513738975
2016-11-15,0.24746966375916538,0.807605094725356,-0.5601354309661907
2016-11-16,0.1936967932582593,0.734952676289198,-0.5412558830309387
2016-11-17,0.2189126710383111,0.7358482694596756,-0.5169355984213645
2016-11-18,0.2193203633488153,0.7256943831557114,-0.5063740198068961
2016-11-21,0.19372226677943585,0.724867442612257,-0.5311451758328212
2016-11-22,0.18206612834502392,0.7175357673125822,-0.5354696389675583
2016-11-23,0.32894000239076204,0.7139689732945036,-0.38502897090374155
2016-11-25,0.2959037375607019,0.715221539079144,-0.4193178015184421
2016-11-28,0.25114640491338663,0.7032836393417493,-0.4521372344283627
2016-11-29,0.27086936087189,0.7073402692782812,-0.4364709084063912
2016-11-30,0.2370654721752434,0.7048899573919025,-0.4678244852166591
2016-12-01,0.2159478892671833,0.6929845776524521,-0.4770366883852688
2016-12-02,0.18036000735894112,0.6925569889523605,-0.5121969815934194
2016-12-05,0.17688925193058788,0.7018158176072065,-0.5249265656766186
2016-12-06,0.07542155375124504,0.6962642456897585,-0.6208426919385135
2016-12-07,0.12677468089808072,0.696319989306365,-0.5695453084082842
2016-12-08,0.1273167843732233,0.6942132283007393,-0.5668964439275159
2016-12-09,0.11627000399371618,0.6914535800106812,-0.575183576016965
2016-12-12,0.18096930389741891,0.6963850336010607,-0.5154157297036418
2016-12-13,0.185815173257129,0.699384142552749,-0.51356896929562
2016-12-14,0.24114302201568832,0.6944772600552603,-0.453334238039572
2016-12-15,0.15095488449905603,0.66715898540195,-0.5162041009028939
2016-12-16,0.2697050145272969,0.665853704248473,-0.3961486897211761
2016-12-19,0.31135903421938654,0.6928313312446268,-0.38147229702524027
2016-12-20,0.2844291688645488,0.671645466448859,-0.38721629758431025
2016-12-21,0.2713735577691925,0.6757339462212981,-0.40436038845210565
2016-12-22,0.29074565726671153,0.6724563491815605,-0.38171069191484897
2016-12-23,0.2403685504587194,0.667568463756682,-0.4271999132979626
2016-12-27,0.3328765346848452,0.7186097675608242,-0.385733232875979
2016-12-28,0.4596325732187758,0.6522353682041652,-0.19260279498538935
2016-12-29,0.5438259802275353,0.6517303415524229,-0.10790436132488768
2016-12-30,0.5365595835308271,0.6359532802971555,-0.09939369676632837
2017-01-03,0.46415750883042367,0.6404097370702765,-0.17625222823985282
2017-01-04,0.4040940692296874,0.6628784859467673,-0.25878441671707997
2017-01-05,0.4537490646223733,0.6653071632812733,-0.21155809865889996
2017-01-06,0.41221412339908586,0.6739048715736089,-0.26169074817452304
2017-01-09,0.5128736350357799,0.6787591792707071,-0.16588554423492718
2017-01-10,0.19118511725828238,0.651408602328133,-0.46022348506985067
2017-01-11,0.25250579597170625,0.6763387966322807,-0.42383300066057444
2017-01-12,0.2529095046729415,0.6674155635869757,-0.41450605891403425
2017-01-13,0.27329426506431437,0.6723755592565536,-0.3990812941922392
2017-01-17,0.22484651851232207,0.6790903339738553,-0.45424381546153325
2017-01-18,0.25101431236857785,0.7070854448011756,-0.4560711324325978
2017-01-19,0.2333005987200878,0.7019428457746881,-0.46864224705460034
2017-01-20,0.17005216816262578,0.7162309898911965,-0.5461788217285707
2017-01-23,0.19543212139849328,0.7162627076138226,-0.5208305862153293
2017-01-24,0.14928685704619984,0.7374078817668825,-0.5881210247206827
2017-01-25,0.25234847508034536,0.7359149894294508,-0.4835665143491054
2017-01-26,0.1770726373463932,0.7319101784295726,-0.5548375410831794
2017-01-27,0.11019070181631524,0.740567478875246,-0.6303767770589308
2017-01-30,0.15852127068515784,0.7206042743518483,-0.5620830036666904
2017-01-31,0.29727824126189806,0.738989477010122,-0.4417112357482239
2017-02-01,0.24337835477731903,0.7326738736524152,-0.48929551887509615
2017-02-02,0.20369032737335624,0.7335097658922136,-0.5298194385188574
2017-02-03,0.1985182963165459,0.7424472184330511,-0.5439289221165051
2017-02-06,0.21133909042576868,0.7765920698811876,-0.5652529794554189
2017-02-07,0.23658495049647613,0.793163991957809,-0.5565790414613329
2017-02-08,0.28312964788413564,0.7922157334189008,-0.5090860855347652
2017-02-09,0.236794523187781,0.7987004458124325,-0.5619059226246514
2017-02-10,0.28457366841939635,0.8071131185273002,-0.5225394501079038
2017-02-13,0.2752734547349235,0.7862727426798386,-0.5109992879449151
2017-02-14,0.2943500776342489,0.8067457157864111,-0.5123956381521622
2017-02-15,0.22249355808620602,0.7941396064438414,-0.5716460483576353
2017-02-16,0.2527900126299058,0.7947720976976678,-0.5419820850677619
2017-02-17,0.31853614025045723,0.7972357331769571,-0.47869959292649983
2017-02-21,0.22785084413807413,0.8046103652653485,-0.5767595211272744
2017-02-22,0.18580612221888246,0.7933424476399291,-0.6075363254210466
2017-02-23,0.1658003431920692,0.8036230574995284,-0.6378227143074593
2017-02-24,0.14202094133818693,0.8075812064808725,-0.6655602651426855
2017-02-27,0.12361971321081441,0.8213284185390869,-0.6977087053282724
2017-02-28,0.13332924713898361,0.8297738924905522,-0.6964446453515686
2017-03-01,0.2705272306700803,0.828424041567684,-0.5578968108976037
2017-03-02,0.2671334014485377,0.7947002404572313,-0.5275668390086936
2017-03-03,0.21513068535082375,0.8057325691437738,-0.5906018837929501
2017-03-06,0.1657922241015471,0.7893790200130186,-0.6235867959114716
2017-03-07,0.14949365891723543,0.7958657057354122,-0.6463720468181767
2017-03-08,0.21536292899547543,0.8087562284472269,-0.5933932994517515
2017-03-09,0.22465735435519518,0.8145778038176923,-0.5899204494624971
2017-03-10,0.282760744591248,0.8178872176160031,-0.5351264730247551
2017-03-13,0.3178423300509985,0.8153611025966607,-0.49751877254566224
2017-03-14,0.32818370653627915,0.8330700318181109,-0.5048863252818317
2017-03-15,0.42260816114703037,0.8355013748369141,-0.41289321368988374
2017-03-16,0.30339972322328507,0.8440460271908335,-0.5406463039675484
2017-03-17,0.3422216352406048,0.8394020149977388,-0.49718037975713403
2017-03-20,0.38635034359865766,0.8553662094771697,-0.469015865878512
2017-03-21,0.3999031708475956,0.8538061009271702,-0.45390293007957466
2017-03-22,0.3028708652123588,0.8445675614027055,-0.5416966961903467
2017-03-23,0.3213050057676151,0.8444671815622219,-0.5231621757946068
2017-03-24,0.287496016268091,0.8445982227345883,-0.5571022064664972
2017-03-27,0.3010268297913143,0.848544754200867,-0.5475179244095527
2017-03-28,0.3146563156868515,0.8571078816952751,-0.5424515660084236
2017-03-29,0.2411721715022115,0.8452928557796442,-0.6041206842774327
2017-03-30,0.2949845458964522,0.8488889233441572,-0.553904377447705
2017-03-31,0.3952986044061194,0.8480394719771612,-0.4527408675710418
2017-04-03,0.39290986864703326,0.8474039736595071,-0.4544941050124739
2017-04-04,0.37407094749131714,0.8347006217097245,-0.46062967421840734
2017-04-05,0.39834401251257495,0.8357662623182288,-0.43742224980565386
2017-04-06,0.26097125432553653,0.8362063062986012,-0.5752350519730647
2017-04-07,0.30233592663301845,0.8390962487148621,-0.5367603220818437
2017-04-10,0.18704444442725737,0.8002533582046013,-0.613208913777344
2017-04-11,0.16039746973820257,0.7976272162444955,-0.6372297465062929
2017-04-12,0.24273119377300806,0.8150313774867932,-0.5723001837137851
2017-04-13,0.4021072460844539,0.8251027612665986,-0.42299551518214473
2017-04-17,0.3088000237342214,0.7986967670595186,-0.48989674332529726
2017-04-18,0.32045236711649794,0.8262220042298292,-0.5057696371133312
2017-04-19,0.35379941950787896,0.7990143852752385,-0.4452149657673595
2017-04-20,0.37069621634918665,0.784551530039615,-0.41385531369042833
2017-04-21,0.3896109651235505,0.7568656178298616,-0.36725465270631114
2017-04-24,0.28509243250934013,0.7365894212133252,-0.451496988703985
2017-04-25,0.28799979039953566,0.7311475049009487,-0.44314771450141305
2017-04-26,0.3727608897604042,0.7681413796013998,-0.3953804898409956
2017-04-27,0.47681869727511034,0.7374707251347796,-0.2606520278596693
2017-04-28,0.3763797988160823,0.655367775602611,-0.27898797678652865
2017-05-01,0.3633149714491792,0.6523679064782877,-0.2890529350291085
2017-05-02,0.47217259554732144,0.6952804265323161,-0.2231078309849947
2017-05-03,0.49510398693835533,0.694616426148682,-0.1995124392103267
2017-05-04,0.24469165081443378,0.7363597377381363,-0.49166808692370256
2017-05-05,0.24204564232697398,0.7401092815461691,-0.49806363921919505
2017-05-08,0.2834555290260441,0.7479364924654721,-0.464480963439428
2017-05-09,0.3158775875307279,0.7537575043749949,-0.43787991684426697
2017-05-10,0.22358974617276273,0.7648055048735461,-0.5412157587007834
2017-05-11,0.16954473204258189,0.7798740940532085,-0.6103293620106266
2017-05-12,0.13706802875423638,0.7827694331026449,-0.6457014043484085
2017-05-15,0.15338908565096246,0.7873793925012579,-0.6339903068502954
2017-05-16,0.1129124741580235,0.77788570456841,-0.6649732304103865
2017-05-17,0.014802560519442884,0.7841443241994122,-0.7693417636799693
2017-05-18,0.01356809048089389,0.7463944903401735,-0.7328263998592796
2017-05-19,0.09055508867819301,0.7600886936160693,-0.6695336049378764
2017-05-22,0.07958522934486725,0.7588245938833871,-0.6792393645385199
2017-05-23,-0.05853744931527151,0.7718466828542497,-0.8303841321695212
2017-05-24,0.07189249083928756,0.7695566894500994,-0.6976641986108119
2017-05-25,0.16062692988332203,0.7403012051917837,-0.5796742753084616
2017-05-26,0.25376700446410544,0.7297844411333426,-0.4760174366692372
2017-05-30,0.28450830023133544,0.7412507544048794,-0.456742454173544
2017-05-31,0.26152993250228085,0.7249874064904023,-0.4634574739881214
2017-06-01,0.3409744199078191,0.7290633663270679,-0.3880889464192488
2017-06-02,0.2611795310277779,0.724070357672312,-0.46289082664453407
2017-06-05,0.32177606313694945,0.7480437121189456,-0.42626764898199615
2017-06-06,0.30352720140576295,0.7531462012081468,-0.44961899980238385
2017-06-07,0.38348425942353076,0.7629110811068258,-0.37942682168329506
2017-06-08,0.2682780794381089,0.7444224406674917,-0.47614436122938286
2017-06-09,0.20260014029911227,0.7774642681985472,-0.5748641278994349
2017-06-12,0.21076292738642427,0.7894992477703404,-0.5787363203839162
2017-06-13,0.20550847080928952,0.7836993801906725,-0.5781909093813831
2017-06-14,0.21169179604457225,0.7615344967292169,-0.5498427006846447
2017-06-15,0.32639118815860735,0.7537833122575385,-0.4273921240989311
2017-06-16,0.3655370857287629,0.7116948069401302,-0.3461577212113673
2017-06-19,0.32439541479375783,0.689573769851787,-0.36517835505802915
2017-06-20,0.2998113242947626,0.7070868569124157,-0.4072755326176531
2017-06-21,0.3420235835245388,0.7049834237978405,-0.3629598402733017
2017-06-22,0.3217546493978736,0.6879157420050505,-0.36616109260717683
2017-06-23,0.3002829018811282,0.6918840079393691,-0.3916011060582409
2017-06-26,0.3360014965048415,0.6925430001543001,-0.35654150364945864
2017-06-27,0.3416400718723162,0.6981424451092474,-0.3565023732369312
2017-06-28,0.37356205168477186,0.7065027384377888,-0.3329406867530169
2017-06-29,0.3167123962868739,0.6953520216017695,-0.37863962531489553
2017-06-30,0.44618667863212874,0.7695354300061442,-0.3233487513740155
2017-07-03,0.3473703614388764,0.7481653910082188,-0.4007950295693424
2017-07-05,0.5451693645868563,0.8032428869656807,-0.2580735223788244
2017-07-06,0.5600884162865933,0.7811659606946204,-0.22107754440802707
2017-07-07,0.5593155811401844,0.7841068536727854,-0.224791272532601
2017-07-10,0.5553967417329633,0.7910632771066801,-0.23566653537371685
2017-07-11,0.5604427490893148,0.7905052880387881,-0.23006253894947326
2017-07-12,0.5087275942435772,0.76743348537603,-0.2587058911324528
2017-07-13,0.5285048654991656,0.7891267483347549,-0.2606218828355893
2017-07-14,0.5116736439407512,0.798078814054806,-0.28640517011405475
2017-07-17,0.5851328160851212,0.8151125452328584,-0.22997972914773712
2017-07-18,0.5671485283327622,0.8078597321885921,-0.2407112038558299
2017-07-19,0.5855952328703474,0.8177420299988469,-0.2321467971284995
2017-07-20,0.5250389976005457,0.8223370319622932,-0.2972980343617475
2017-07-21,0.5559891790978292,0.8233769946554055,-0.2673878155575763
2017-07-24,0.5025935354260852,0.8313652080074937,-0.3287716725814085
2017-07-25,0.4424303097094449,0.82498225058759,-0.3825519408781451
2017-07-26,0.3606796768502707,0.8335199084545625,-0.4728402316042918
2017-07-27,0.361182262042541,0.8473484521393626,-0.4861661900968216
2017-07-28,0.36155170508357054,0.8611510367454932,-0.49959933166192266
2017-07-31,0.30784436508114593,0.8638150145491869,-0.555970649468041
2017-08-01,0.3638563607452267,0.8636170431495589,-0.4997606824043322
2017-08-02,0.23731208009993768,0.8548366668146563,-0.6175245867147187
2017-08-03,0.18568887832345654,0.8568358588003487,-0.6711469804768921
2017-08-04,0.2337838448040009,0.8656621348135597,-0.6318782900095588
2017-08-07,0.04978732812014473,0.8734441495164621,-0.8236568213963174
2017-08-08,-0.019913771313767103,0.8714167856325779,-0.891330556946345
2017-08-09,0.029477996188846278,0.8752585915361221,-0.8457805953472758
2017-08-10,0.09010364134649752,0.8914079787580049,-0.8013043374115074
2017-08-11,0.16750239578704318,0.9011810038375563,-0.7336786080505131
2017-08-14,0.14253776555000772,0.8890918774617917,-0.746554111911784
2017-08-15,0.27685684414171036,0.8746537789397083,-0.5977969347979979
2017-08-16,0.1254983448042019,0.8643076707223087,-0.7388093259181068
2017-08-17,0.21932817840195856,0.8843568964167768,-0.6650287180148182
2017-08-18,0.2987319948781923,0.8695713246304567,-0.5708393297522645
2017-08-21,0.29394340036755434,0.8408216604539993,-0.546878260086445
2017-08-22,0.2687102757592435,0.8344079055203029,-0.5656976297610594
2017-08-23,0.30625908958380543,0.8315024123162876,-0.5252433227324822
2017-08-24,0.2881563458115916,0.8319172573732169,-0.5437609115616253
2017-08-25,0.3367442489410517,0.8364246782362328,-0.4996804292951811
2017-08-28,0.356021130998559,0.829626261832465,-0.47360513083390604
2017-08-29,0.36497990164243366,0.8488900272526341,-0.4839101256102004
2017-08-30,0.26976291799063223,0.8484939566058752,-0.578731038615243
2017-08-31,0.2575805957692814,0.8469345328006599,-0.5893539370313785
2017-09-01,0.31884994711238585,0.8421791347880653,-0.5233291876756794
2017-09-05,0.2883811813401633,0.8382979918742937,-0.5499168105341303
2017-09-06,0.2486570169784566,0.8343293629261567,-0.5856723459477
2017-09-07,0.30185238333582187,0.8354479355863622,-0.5335955522505403
2017-09-08,0.31022243201755395,0.837986298655795,-0.527763866638241
2017-09-11,0.30439165974108445,0.8385022845116447,-0.5341106247705603
2017-09-12,0.3252481920364843,0.8428097258718483,-0.5175615338353641
2017-09-13,0.3523588259259605,0.8458407767624432,-0.49348195083648266
2017-09-14,0.36046045269910265,0.8486996904845253,-0.48823923778542266
2017-09-15,0.3301653146085551,0.8432788095152262,-0.5131134949066711
2017-09-18,0.43235138930935524,0.8477856835504609,-0.4154342942411057
2017-09-19,0.392705009026238,0.8536606414947961,-0.46095563246855814
2017-09-20,0.4947115713435985,0.8526528661494924,-0.35794129480589393
2017-09-21,0.5754890198428508,0.8670676408921711,-0.2915786210493203
2017-09-22,0.5702379472120621,0.8613727178129265,-0.29113477060086435
2017-09-25,0.5205257074012886,0.8532851618641651,-0.3327594544628766
2017-09-26,0.5244946176261127,0.8622120033023425,-0.3377173856762298
2017-09-27,0.5587623098621622,0.8823377264801806,-0.32357541661801836
2017-09-28,0.6051353631438049,0.8819805816938495,-0.2768452185500446
2017-09-29,0.5660465461087394,0.9092010567928855,-0.34315451068414615
2017-10-02,0.5800954626105553,0.9195164294221672,-0.3394209668116118
2017-10-03,0.5284715624954913,0.9168667705639735,-0.38839520806848216
2017-10-04,0.5588806120904386,0.9234554535507334,-0.36457484146029484
2017-10-05,0.5060203777082012,0.9260170204095065,-0.4199966427013053
2017-10-06,0.4981862736581534,0.9161580734707024,-0.41797179981254906
2017-10-09,0.38119284379441193,0.9168753384423168,-0.5356824946479048
2017-10-10,0.39940113180953,0.9194490429300249,-0.520047911120495
2017-10-11,0.2542113989552567,0.9019205491265825,-0.6477091501713258
2017-10-12,0.19413447547662316,0.9030660484689991,-0.708931572992376
2017-10-13,0.2729518377514597,0.9045418725017714,-0.6315900347503117
2017-10-16,0.22424781252553846,0.904137975902421,-0.6798901633768825
2017-10-17,0.1942216159417381,0.9068901906902905,-0.7126685747485524
2017-10-18,0.3529897723218163,0.9055752219068235,-0.5525854495850072
2017-10-19,0.4286183419867317,0.9072950891456562,-0.47867674715892444
2017-10-20,0.3949400795732481,0.9003773617532259,-0.5054372821799777
2017-10-23,0.48957393239273894,0.9034643477142947,-0.4138904153215558
2017-10-24,0.41826990613321696,0.8994985607357171,-0.48122865460250014
2017-10-25,0.38889078692047063,0.8983814340812601,-0.5094906471607895
2017-10-26,0.3668654195900991,0.8978006316115736,-0.5309352120214745
2017-10-27,0.3803652117685169,0.9072150259852072,-0.5268498142166903
2017-10-30,0.461299734412909,0.9057005581841642,-0.44440082377125517
2017-10-31,0.5617503370159878,0.9076578049148817,-0.34590746789889393
2017-11-01,0.5283275839315179,0.9070749125488968,-0.3787473286173789
2017-11-02,0.5521183601727602,0.8453681520461244,-0.2932497918733642
2017-11-03,0.5617146902375614,0.8369602226836722,-0.27524553244611083
2017-11-06,0.512394524974799,0.8388620489288461,-0.3264675239540471
2017-11-07,0.47517405237331484,0.8568282555178517,-0.38165420314453685
2017-11-08,0.4274474188284335,0.8257583114213188,-0.3983108925928853
2017-11-09,0.39333220570066835,0.841024488847202,-0.4476922831465337
2017-11-10,0.38550841732822916,0.8308506135566308,-0.44534219622840165
2017-11-13,0.3674061185840457,0.8226712737737115,-0.4552651551896658
2017-11-14,0.36862896237675336,0.8249810725194011,-0.45635211014264776
2017-11-15,0.3572579935304975,0.820902787104889,-0.4636447935743915
2017-11-16,0.36662486838263886,0.8296988418826675,-0.46307397350002866
2017-11-17,0.33337623086717194,0.8403753350727986,-0.5069991042056267
2017-11-20,0.3720536913547816,0.8295471019842248,-0.45749341062944315
2017-11-21,0.3479333116830881,0.8495387348570238,-0.5016054231739357
2017-11-22,0.3631231608146534,0.848668226404175,-0.48554506558952165
2017-11-24,0.38438696776422854,0.8486352024674904,-0.4642482347032618
2017-11-27,0.40125357221201435,0.8496247486195126,-0.4483711764074983
2017-11-28,0.46299737685142933,0.8412453881989369,-0.3782480113475076
2017-11-29,0.4221157873180093,0.8204536361610678,-0.3983378488430585
2017-11-30,0.43022372274674886,0.8242473550746964,-0.3940236323279475
2017-12-01,0.43852452015026677,0.827494307705358,-0.38896978755509126
2017-12-04,0.4385035821411296,0.8172958644502681,-0.37879228230913853
2017-12-05,0.3925384793619902,0.8117616184173906,-0.4192231390554004
2017-12-06,0.34065440652177514,0.819948523289999,-0.47929411676822387
2017-12-07,0.34484794199258917,0.8178044353283834,-0.47295649333579426
2017-12-08,0.39628632869795954,0.8216176932315178,-0.42533136453355824
2017-12-11,0.4232835743200087,0.8147689877928963,-0.3914854134728876
2017-12-12,0.38123776127340175,0.8152020674176488,-0.433964306144247
2017-12-13,0.3119824327842315,0.8159969022420206,-0.504014469457789
2017-12-14,0.3588218073750341,0.830260500446531,-0.4714386930714969
2017-12-15,0.25291633960832316,0.862584028467016,-0.6096676888586928
2017-12-18,0.2456829053826642,0.8595423504700861,-0.6138594450874219
2017-12-19,0.3366702116826753,0.8619259957674575,-0.5252557840847822
2017-12-20,0.3408823233080094,0.8563756198585653,-0.5154932965505559
2017-12-21,0.22058935870573373,0.8670198760753898,-0.6464305173696561
2017-12-22,0.24197368149137513,0.8640474946105949,-0.6220738131192198
2017-12-26,0.2754615958684923,0.8700420008471788,-0.5945804049786865
2017-12-27,0.1993544818191886,0.8804438516738378,-0.6810893698546492
2017-12-28,0.21831694017382675,0.8884632954644476,-0.6701463552906208
2017-12-29,0.2163687645100499,0.8922857488763614,-0.6759169843663114
2018-01-02,0.19991800356290554,0.8933516990927151,-0.6934336955298095
2018-01-03,0.3370413488895054,0.9059740553209704,-0.5689327064314651
2018-01-04,0.5378563283635234,0.9045484007680457,-0.3666920724045223
2018-01-05,0.4173181450841075,0.8862885627700227,-0.4689704176859152
2018-01-08,0.3458322258069294,0.8853844789411852,-0.5395522531342558
2018-01-09,0.4274903355840194,0.8812436233170651,-0.4537532877330457
2018-01-10,0.3223266921058869,0.8824934744284975,-0.5601667823226106
2018-01-11,0.3042502165433003,0.8836968377513507,-0.5794466212080503
2018-01-12,0.3344570621011778,0.8986663809664709,-0.564209318865293
2018-01-16,0.40362949865604025,0.9075905220171385,-0.5039610233610983
2018-01-17,0.2905432435632881,0.9044504909359534,-0.6139072473726653
2018-01-18,0.25054311434418974,0.9151807626360667,-0.664637648291877
2018-01-19,0.261677981884614,0.9144247820935494,-0.6527468002089354
2018-01-22,0.28564409270777746,0.9069264683464293,-0.6212823756386519
2018-01-23,0.40446589158094054,0.9069931396378238,-0.5025272480568832
2018-01-24,0.3991796299155003,0.8903602952211952,-0.4911806653056949
2018-01-25,0.5523038778149667,0.9067285597810778,-0.3544246819661111
2018-01-26,0.5338949531032973,0.9143082626034482,-0.38041330950015095
2018-01-29,0.567255524123517,0.9063016983104953,-0.33904617418697836
2018-01-30,0.621098890412005,0.9121543650683309,-0.291055474656326
2018-01-31,0.5806147374468793,0.9078559860234854,-0.3272412485766061
2018-02-01,0.5140063722762764,0.9173009909832017,-0.4032946187069253
2018-02-02,0.5066835412961209,0.8982464387353458,-0.3915628974392249
2018-02-05,0.4860126230936396,0.9169367131900721,-0.4309240900964325
2018-02-06,0.5309405796502854,0.9163480026452541,-0.38540742299496866
2018-02-07,0.5214193476046236,0.8900219728339767,-0.36860262522935305
2018-02-08,0.5936850162636066,0.891495985259859,-0.29781096899625237
2018-02-09,0.572758779280865,0.8875754164871821,-0.31481663720631703
2018-02-12,0.5650893846193473,0.8881732847607099,-0.32308390014136257
2018-02-13,0.5617754718649288,0.8866170895722766,-0.32484161770734776
2018-02-14,0.5757871396669161,0.8832767747411594,-0.3074896350742433
2018-02-15,0.5675717225143238,0.883047191981545,-0.31547546946722127
2018-02-16,0.5229928423327797,0.884855060620826,-0.3618622182880463
2018-02-20,0.4957029125673034,0.8862410052779649,-0.3905380927106615
2018-02-21,0.5218229265006266,0.8746876925653243,-0.35286476606469774
2018-02-22,0.5176016879163094,0.8657340205266114,-0.34813233261030196
2018-02-23,0.5950966391963721,0.8666856054079348,-0.2715889662115627
2018-02-26,0.5920718448345715,0.8679853512105545,-0.275913506375983
2018-02-27,0.5639363615434451,0.8704062484765237,-0.30646988693307864
2018-02-28,0.4597919782842978,0.8631444200381468,-0.40335244175384904
2018-03-01,0.5054960501258209,0.8640555139616509,-0.35855946383583004
2018-03-02,0.4084236358167213,0.8504476544611389,-0.4420240186444176
2018-03-05,0.41408808752097365,0.845113963758178,-0.4310258762372044
2018-03-06,0.42079083264937633,0.8440030574418974,-0.4232122247925211
2018-03-07,0.48472066374622436,0.8575170151202309,-0.3727963513740066
2018-03-08,0.5044732282851379,0.8630961246348281,-0.35862289634969025
2018-03-09,0.309630489934415,0.8436019018923191,-0.5339714119579041
2018-03-12,0.2994291800412137,0.8383520514624082,-0.5389228714211944
2018-03-13,0.34319529066342724,0.8406002481518775,-0.49740495748845026
2018-03-14,0.23845761341697513,0.8365922492513054,-0.5981346358343302
2018-03-15,0.3095205561593396,0.8374611389317329,-0.5279405827723933
2018-03-16,0.12397283740192311,0.8340517725978711,-0.710078935195948
2018-03-19,0.31525524205250416,0.8506329343624003,-0.5353776923098961
2018-03-20,0.3109676728654062,0.8547504061558727,-0.5437827332904666
2018-03-21,0.41346338873221766,0.855829481071549,-0.44236609233933133
2018-03-22,0.41937275647387173,0.8988066780981941,-0.4794339216243224
2018-03-23,0.3933240020991085,0.8999514947046653,-0.5066274926055567
2018-03-26,0.40167837366641657,0.8940957031078519,-0.49241732944143535
2018-03-27,0.377384733652256,0.8949196742050604,-0.5175349405528044
2018-03-28,0.24194831625254543,0.9013187794855916,-0.6593704632330462
2018-03-29,0.43585706935329016,0.906133348562309,-0.4702762792090188
2018-04-02,0.3795907350184619,0.8911817065973804,-0.5115909715789184
2018-04-03,0.3961262861446725,0.9017585615743058,-0.5056322754296333
2018-04-04,0.4481221887438976,0.9110298349990071,-0.46290764625510955
2018-04-05,0.3903659553467966,0.9039255397371344,-0.5135595843903378
2018-04-06,0.3877341930620429,0.8862215258108791,-0.4984873327488362
2018-04-09,0.40470406403672965,0.8745252039681077,-0.4698211399313781
2018-04-10,0.3883435734315206,0.8742267038278815,-0.4858831303963609
2018-04-11,0.43416352915341105,0.8749153875730173,-0.4407518584196063
2018-04-12,0.3245425838564677,0.8624721358708866,-0.5379295520144188
2018-04-13,0.1658242030467321,0.8665629242016724,-0.7007387211549403
2018-04-16,0.13427856659106815,0.8828433726195625,-0.7485648060284943
2018-04-17,0.12130995148504231,0.8872289924240062,-0.7659190409389639
2018-04-18,0.22435266963678635,0.8844471592368899,-0.6600944896001035
2018-04-19,0.1545284238450776,0.7977142617011538,-0.6431858378560762
2018-04-20,-0.01900354858886215,0.7841092700408715,-0.8031128186297336
2018-04-23,-0.022535688650638486,0.7938885559863988,-0.8164242446370373
2018-04-24,-0.17175707522095449,0.7826599730333637,-0.9544170482543182
2018-04-25,-0.2083938858118047,0.7848462007172621,-0.9932400865290668
2018-04-26,-0.19304876559742562,0.7915783252814395,-0.984627090878865
2018-04-27,-0.14160237230907338,0.7909659254065515,-0.9325682977156249
2018-04-30,-0.2043289339973588,0.7788901984972392,-0.983219132494598
2018-05-01,-0.21730407855739012,0.7862177728937204,-1.0035218514511106
2018-05-02,-0.1972943880032971,0.7923685653615609,-0.989662953364858
2018-05-03,0.023748947815705315,0.7748840338073217,-0.7511350859916164
2018-05-04,-0.09974646779016667,0.7289066209038937,-0.8286530886940604
2018-05-07,0.023369858012138277,0.7310852930228584,-0.7077154350107201
2018-05-08,-0.02710211189874416,0.7333466391022385,-0.7604487510009826
2018-05-09,-0.05107542293514008,0.724619660092286,-0.7756950830274261
2018-05-10,0.09230046152544492,0.7151574752701279,-0.6228570137446829
2018-05-11,0.05888754392010904,0.7108483856766338,-0.6519608417565247
2018-05-14,0.16004288856393697,0.7113790442909765,-0.5513361557270395
2018-05-15,0.40360516420512726,0.688171866675345,-0.28456670247021776
2018-05-16,0.3414303763686416,0.6949805141813067,-0.3535501378126651
2018-05-17,0.29480374041460733,0.7017325892314803,-0.40692884881687297
2018-05-18,0.29189345711312364,0.7225404973799525,-0.4306470402668289
2018-05-21,0.330674900706131,0.7397472742696829,-0.4090723735635519
2018-05-22,0.31163229993586594,0.7346169079791078,-0.4229846080432419
2018-05-23,0.3476226228315358,0.7330694213235692,-0.38544679849203345
2018-05-24,0.35519350484762724,0.7308843225523367,-0.37569081770470947
2018-05-25,0.4233764701948876,0.7372728606949224,-0.31389639050003476
2018-05-29,0.3018534452711455,0.7248596593097076,-0.42300621403856214
2018-05-30,0.29155399195277315,0.7162607837654243,-0.4247067918126512
2018-05-31,0.31203032145373877,0.7173838513482783,-0.40535352989453954
2018-06-01,0.33428069808820093,0.7703743306090837,-0.43609363252088273
2018-06-04,0.2995784355270562,0.7730745665044397,-0.4734961309773835
2018-06-05,0.32389242620825615,0.769335846477408,-0.4454434202691519
2018-06-06,0.20664586766331305,0.791548601336714,-0.584902733673401
2018-06-07,0.22279634984137106,0.766373932836667,-0.5435775829952959
2018-06-08,0.17730402228273673,0.7531490573077122,-0.5758450350249755
2018-06-11,0.1648083770963037,0.754332860726269,-0.5895244836299653
2018-06-12,0.2499409785444856,0.7728885309694015,-0.5229475524249159
2018-06-13,0.2628602580940995,0.7554618241933783,-0.49260156609927874
2018-06-14,0.18920012996802937,0.7364920424827135,-0.5472919125146841
2018-06-15,0.26578844737450097,0.7686210933451826,-0.5028326459706816
2018-06-18,0.1125144136315091,0.8633541696268561,-0.750839755995347
2018-06-19,0.12223505626934757,0.8601680755605331,-0.7379330192911855
2018-06-20,0.14565149077375203,0.8572252923516199,-0.7115738015778679
2018-06-21,0.13033247188034464,0.8539833711269539,-0.7236508992466093
2018-06-22,0.19777249925967225,0.8546374119787643,-0.6568649127190921
2018-06-25,0.12551178843708222,0.846312704795521,-0.7208009163584388
2018-06-26,0.09934981112901906,0.8473529583336998,-0.7480031472046808
2018-06-27,0.24664382409040603,0.8424846182902209,-0.595840794199815
2018-06-28,0.1493172962512432,0.868908548555182,-0.7195912523039387
2018-06-29,0.1496716476731052,0.8767976889104891,-0.7271260412373839
2018-07-02,0.15019824424511183,0.875646072709452,-0.7254478284643402
2018-07-03,0.13329247670989433,0.8851438687627549,-0.7518513920528606
2018-07-05,0.0868759196606502,0.8632482127585356,-0.7763722930978854
2018-07-06,0.10399265336707145,0.865216839514694,-0.7612241861476226
2018-07-09,0.21655642218624366,0.8756170778138707,-0.6590606556276271
2018-07-10,0.16130256714912633,0.8726257333216114,-0.711323166172485
2018-07-11,0.11983536112055679,0.8755346028034987,-0.7556992416829419
2018-07-12,0.19726894990397909,0.8947302008751576,-0.6974612509711786
2018-07-13,0.16691447230270953,0.897966098868502,-0.7310516265657925
2018-07-16,0.15887567318134624,0.9003562431765114,-0.7414805699951652
2018-07-17,0.16613904826439949,0.9064130788357874,-0.7402740305713879
2018-07-18,0.2260692137017177,0.9042077987993303,-0.6781385850976126
2018-07-19,0.23190225547120566,0.9017217541824627,-0.669819498711257
2018-07-20,0.2922261624941895,0.9055351597578433,-0.6133089972636538
2018-07-23,0.29805644470471665,0.9116440403967287,-0.613587595692012
2018-07-24,0.2837708489008118,0.9115206530929345,-0.6277498041921228
2018-07-25,0.2740429018466777,0.9098645673609411,-0.6358216655142634
2018-07-26,0.3815986146527382,0.9110737158209625,-0.5294751011682244
2018-07-27,0.3040818281091622,0.917183823411307,-0.6131019953021448
2018-07-30,0.4207436767455451,0.9150009528969362,-0.4942572761513911
2018-07-31,0.4716276419676996,0.8899301074581131,-0.4183024654904135
2018-08-01,0.4641343621713977,0.8911110627936288,-0.42697670062223114
2018-08-02,0.474375200290459,0.900083974637072,-0.42570877434661303
2018-08-03,0.46120220230115805,0.90210675674171,-0.440904554440552
2018-08-06,0.45674887022785526,0.9071154228528995,-0.4503665526250442
2018-08-07,0.44622042948287116,0.9102694788669476,-0.4640490493840765
2018-08-08,0.3948579193463144,0.9116655226299851,-0.5168076032836707
2018-08-09,0.422672310815556,0.9200660685374468,-0.49739375772189076
2018-08-10,0.30557658375304003,0.9198683454613353,-0.6142917617082952
2018-08-13,0.3085295073431287,0.907554961719116,-0.5990254543759873
2018-08-14,0.434067725225486,0.9219359526675258,-0.48786822744203984
2018-08-15,0.5218388168343245,0.9139243979893044,-0.3920855811549798
2018-08-16,0.2583232117802423,0.9198966879977164,-0.6615734762174741
2018-08-17,0.21041716800215426,0.8931581506382924,-0.6827409826361381
2018-08-20,0.19319108632564413,0.8927989504355003,-0.6996078641098562
2018-08-21,0.2052846618652399,0.8716330689122876,-0.6663484070470478
2018-08-22,0.2529467821120419,0.8696710051538642,-0.6167242230418223
2018-08-23,0.18112999930461257,0.8591660512587238,-0.6780360519541112
2018-08-24,0.1576131921445493,0.8622336453441528,-0.7046204531996035
2018-08-27,0.2725720143209486,0.8717185388744453,-0.5991465245534967
2018-08-28,0.28759328240896787,0.8733381708856891,-0.5857448884767212
2018-08-29,0.23501755573881114,0.8753714943381659,-0.6403539385993547
2018-08-30,0.2531344053779863,0.87442446333899,-0.6212900579610037
2018-08-31,0.29696568449068184,0.8773508938081754,-0.5803852093174936
2018-09-04,0.26822645780940385,0.8723928070564972,-0.6041663492470934
2018-09-05,0.3150353014851804,0.8539798037756409,-0.5389445022904604
2018-09-06,0.3364553524369338,0.860732705033968,-0.5242773525970342
2018-09-07,0.4568443253109673,0.8550935695077863,-0.39824924419681895
2018-09-10,0.4703652497820797,0.8460415772920925,-0.3756763275100128
2018-09-11,0.4378773282720312,0.8485782465750956,-0.41070091830306443
2018-09-12,0.44401237237731517,0.85124411189104,-0.4072317395137248
2018-09-13,0.4530285398091166,0.8541891070481904,-0.4011605672390738
2018-09-14,0.4470118563735148,0.8525555224876968,-0.405543666114182
2018-09-17,0.4849224932508801,0.8590872213251113,-0.3741647280742312
2018-09-18,0.5160303312964674,0.8601472809488783,-0.3441169496524109
2018-09-19,0.5409845102181252,0.8584674191317943,-0.31748290891366904
2018-09-20,0.5232458270076751,0.8596326703966111,-0.336386843388936
2018-09-21,0.512791392040814,0.8600231663834305,-0.34723177434261643
2018-09-24,0.5231699017937654,0.8456745497769057,-0.32250464798314027
2018-09-25,0.40850319162774973,0.848020756626728,-0.4395175649989783
2018-09-26,0.2863011898583496,0.8203024051245996,-0.53400121526625
2018-09-27,0.40830233199553756,0.8228932999040627,-0.4145909679085251
2018-09-28,0.27915202870243927,0.7582493801491772,-0.47909735144673793
2018-10-01,0.3335177020550353,0.7908648657267701,-0.4573471636717348
2018-10-02,0.3036953788220758,0.7792389180192708,-0.475543539197195
2018-10-03,0.3066422774304707,0.8080036505895689,-0.5013613731590982
2018-10-04,0.2603374055746266,0.8039740267594847,-0.5436366211848581
2018-10-05,0.3369076894474325,0.8017801327254775,-0.46487244327804506
2018-10-08,0.3327672679554979,0.7829794827047294,-0.4502122147492315
2018-10-09,0.1413609848517055,0.7700975421035617,-0.6287365572518562
2018-10-10,0.17578668661970423,0.7663217972531634,-0.5905351106334592
2018-10-11,0.13055221846772308,0.7374248997095945,-0.6068726812418714
2018-10-12,0.20590505594252984,0.7334880908299545,-0.5275830348874246
2018-10-15,0.16928573300624689,0.7014446040345351,-0.5321588710282883
2018-10-16,0.20542470034205532,0.7022906307167549,-0.4968659303746996
2018-10-17,0.25527898395718784,0.7331612822944257,-0.47788229833723783
2018-10-18,0.269217275798474,0.7315130768448339,-0.4622958010463599
2018-10-19,0.2815179450334346,0.7340036333846794,-0.45248568835124486
2018-10-22,0.278192847747593,0.7360781570913012,-0.4578853093437082
2018-10-23,0.29036301845253426,0.7382308367663724,-0.4478678183138381
2018-10-24,0.3850277999354777,0.744984619729954,-0.3599568197944763
2018-10-25,0.3726047755840734,0.7301567486895701,-0.35755197310549675
2018-10-26,0.3991783932322842,0.7297567391804862,-0.330578345948202
2018-10-29,0.39141780872781196,0.7181539240561348,-0.3267361153283228
2018-10-30,0.5494243423042035,0.708533695433121,-0.1591093531289175
2018-10-31,0.5419394340681218,0.6995171934445752,-0.15757775937645335
2018-11-01,0.5643381780199985,0.704793281500696,-0.14045510348069745
2018-11-02,0.7031868058435994,0.7343198449370448,-0.031133039093445447
2018-11-05,0.6721746586569549,0.7429457845006667,-0.07077112584371181
2018-11-06,0.6512827046684468,0.7448632915811433,-0.09358058691269644
2018-11-07,0.7356800053043615,0.7613653912415438,-0.02568538593718228
2018-11-08,0.7386601649813647,0.7555425129883004,-0.016882348006935777
2018-11-09,0.7197785959826002,0.7589437551395343,-0.03916515915693408
2018-11-12,0.6752870018898851,0.7979972955571336,-0.1227102936672485
2018-11-13,0.7169669728086824,0.8060259250144907,-0.08905895220580828
2018-11-14,0.6349201424631852,0.7915200267756737,-0.1565998843124885
2018-11-15,0.6844277541272771,0.8069403592065273,-0.12251260507925021
2018-11-16,0.5497640127347156,0.7962259917698333,-0.24646197903511768
2018-11-19,0.6953868933164944,0.8009702564378487,-0.1055833631213543
2018-11-20,0.44079748864887325,0.7814336842613758,-0.3406361956125026
2018-11-21,0.5418842520200146,0.7774781916871414,-0.23559393966712683
2018-11-23,0.5615255325804366,0.7761416905793831,-0.2146161579989465
2018-11-26,0.09637355923576675,0.8119777394761241,-0.7156041802403573
2018-11-27,0.12115854310661223,0.8511764639165041,-0.7300179208098919
2018-11-28,0.12052984525760524,0.857423840451424,-0.7368939951938187
2018-11-29,0.07775806721088951,0.8616336218530737,-0.7838755546421842
2018-11-30,0.06767998776578754,0.8574623883197844,-0.7897824005539968
2018-12-03,0.07710758523343066,0.859799035015735,-0.7826914497823043
2018-12-04,0.03424185643373075,0.8684135670125155,-0.8341717105787847
2018-12-06,0.048770205083265045,0.872096871465528,-0.8233266663822629
2018-12-07,-0.015661344796770494,0.8668378082865443,-0.8824991530833148
2018-12-10,0.04535768789504527,0.8743026675366804,-0.8289449796416352
2018-12-11,0.011521506991066278,0.8751027872886662,-0.8635812802976
2018-12-12,0.04997764322850566,0.8716488066036755,-0.8216711633751699
2018-12-13,-0.01338295253693425,0.8668526571050122,-0.8802356096419465
2018-12-14,0.04363731999523651,0.8743917370804507,-0.8307544170852141
2018-12-17,0.1703930136058193,0.8710055946416055,-0.7006125810357863
2018-12-18,0.15585532743806152,0.8292724460750723,-0.6734171186370108
2018-12-19,0.17102038596101934,0.8258300295139633,-0.654809643552944
2018-12-20,0.17977258060661924,0.816544508467172,-0.6367719278605527
2018-12-21,0.2631494871925521,0.8050087196078752,-0.5418592324153231
2018-12-24,0.28276244465249273,0.8122248171244135,-0.5294623724719207
2018-12-26,0.31659646431509914,0.8149382856185964,-0.49834182130349725
2018-12-27,0.32851964180800197,0.674444462445777,-0.3459248206377751
2018-12-28,0.37823552411304284,0.6598483246150959,-0.28161280050205306
2018-12-31,0.3781075478750788,0.6605196948315699,-0.28241214695649114
2019-01-02,0.31663326233691014,0.6472215546086496,-0.33058829227173947
2019-01-03,0.3836843822387848,0.6606041893954622,-0.27691980715667736
2019-01-04,0.3995741438940933,0.673691109836444,-0.2741169659423507
2019-01-07,0.3595721689255927,0.662541904124329,-0.3029697351987363
2019-01-08,0.3226744222337863,0.6496635527977077,-0.3269891305639214
2019-01-09,0.4163345765238112,0.6581756005094456,-0.2418410239856344
2019-01-10,0.46795874103977825,0.6781032019815127,-0.2101444609417345
2019-01-11,0.5054873155138819,0.6985880421125311,-0.19310072659864919
2019-01-14,0.43102440186377855,0.6794643573219197,-0.24843995545814113
2019-01-15,0.3742111615812555,0.6791648892158222,-0.3049537276345667
2019-01-16,0.41987130651571497,0.6895686710256915,-0.26969736450997656
2019-01-17,0.48024523828980836,0.6855439667210729,-0.2052987284312645
2019-01-18,0.40464532731813835,0.6754855926924344,-0.270840265374296
2019-01-22,0.2980818871912485,0.7065571718889727,-0.4084752846977242
2019-01-23,0.3357031520974522,0.7036337285913569,-0.36793057649390465
2019-01-24,0.30771584557424925,0.6889288533035176,-0.38121300772926836
2019-01-25,0.29207992580323744,0.68366750636914,-0.39158758056590254
2019-01-28,0.46727037811599975,0.7434391225567384,-0.27616874444073863
2019-01-29,0.44675179211658783,0.7535529719004072,-0.3068011797838193
2019-01-30,0.47085293907068054,0.761892305180402,-0.2910393661097214
2019-01-31,0.4343403761630885,0.7577328751270545,-0.32339249896396594
2019-02-01,0.395677964094594,0.7610367456770023,-0.3653587815824083
2019-02-04,0.47140529975193296,0.7665429653203617,-0.29513766556842874
2019-02-05,0.500944283354613,0.764254783908028,-0.263310500553415
2019-02-06,0.4878798941906549,0.7642244382831461,-0.2763445440924912
2019-02-07,0.5236327220230922,0.7743919350037703,-0.25075921298067816
2019-02-08,0.43170927394889147,0.7762925537857666,-0.3445832798368751
2019-02-11,0.5569581559343865,0.879363306356998,-0.32240515042261153
2019-02-12,0.7272328498332299,0.8771464380638633,-0.1499135882306334
2019-02-13,0.7241388907458576,0.874738166697397,-0.15059927595153944
2019-02-14,0.7140835119343699,0.8829842126965489,-0.168900700762179
2019-02-15,0.735447525025733,0.8830151135760912,-0.14756758855035823
2019-02-19,0.6686775860919744,0.8763373538289599,-0.20765976773698558
2019-02-20,0.6722023889120298,0.9072178940979456,-0.23501550518591585
2019-02-21,0.6749794505992422,0.9102699188141588,-0.2352904682149165
2019-02-22,0.5969707636159367,0.9296642543268314,-0.3326934907108947
2019-02-25,0.5983073763569503,0.9279848130491755,-0.32967743669222516
2019-02-26,0.5510329667233826,0.9249817968845162,-0.37394883016113356
2019-02-27,0.5415840364463581,0.9249643861571071,-0.38338034971074897
2019-02-28,0.5348722517063323,0.9301297662611749,-0.3952575145548426
2019-03-01,0.5492353031529423,0.9317129891799929,-0.38247768602705057
2019-03-04,0.4507705134795083,0.9477734898454239,-0.49700297636591556
2019-03-05,0.48614223935517814,0.9478013313029742,-0.46165909194779603
2019-03-06,0.4050760759145381,0.9442928835180217,-0.5392168076034836
2019-03-07,0.4009606834925131,0.9457734429443712,-0.544812759451858
2019-03-08,0.3929453351967469,0.9490619747590271,-0.5561166395622802
2019-03-11,0.5050680202798705,0.9502647387337742,-0.44519671845390363
2019-03-12,0.33209226573850414,0.9371729169594327,-0.6050806512209286
2019-03-13,0.394449362191246,0.9384751263689355,-0.5440257641776896
2019-03-14,0.3872468030318117,0.9280641680439872,-0.5408173650121755
2019-03-15,0.502107930697424,0.9339695859499529,-0.43186165525252895
2019-03-18,0.5195712083043488,0.935219988766687,-0.4156487804623382
2019-03-19,0.5164388510986467,0.9360725827532732,-0.4196337316546265
2019-03-20,0.5305782912715722,0.9381748627425659,-0.4075965714709937
2019-03-21,0.4778393356607329,0.9422867986520483,-0.46444746299131545
2019-03-22,0.4297716926511559,0.938232131352147,-0.5084604387009911
2019-03-25,0.5462807820589183,0.9328969169596877,-0.3866161349007694
2019-03-26,0.5673007938688663,0.9330079819421954,-0.365707188073329
2019-03-27,0.5266742704320204,0.9322224168644901,-0.4055481464324697
2019-03-28,0.5390158256260325,0.9337447245905023,-0.39472889896446983
2019-03-29,0.5112484159205558,0.9380419840396023,-0.42679356811904645
2019-04-01,0.5276953534229532,0.9329243989231659,-0.40522904550021277
2019-04-02,0.5858574057046044,0.9294587368752983,-0.3436013311706939
2019-04-03,0.49603918680117914,0.9310242301516655,-0.4349850433504863
2019-04-04,0.5359242091232616,0.9326031099714772,-0.39667890084821567
2019-04-05,0.4061280144522611,0.9271126490332671,-0.520984634581006
2019-04-08,0.329852164331339,0.9261869310814614,-0.5963347667501224
2019-04-09,0.35423711302487854,0.9271082748643149,-0.5728711618394364
2019-04-10,0.381938010160292,0.9112533125998599,-0.5293153024395678
2019-04-11,0.45198298500129064,0.9052367111933738,-0.45325372619208315
2019-04-12,0.547014889645752,0.9133039110993887,-0.36628902145363673
2019-04-15,0.5221801697715116,0.8848912381416024,-0.3627110683700908
2019-04-16,0.5653423113002244,0.8813362111602787,-0.31599389986005433
2019-04-17,0.5278572814191197,0.8442115510040928,-0.31635426958497315
2019-04-18,0.4972809055512971,0.8452062268894537,-0.34792532133815657
2019-04-22,0.5265973356836646,0.8473246622101168,-0.3207273265264522
2019-04-23,0.41723265219796324,0.8303812634308073,-0.4131486112328441
2019-04-24,0.4114253420303158,0.8138293475639186,-0.4024040055336028
2019-04-25,0.3912623752069138,0.8074415813602098,-0.416179206153296
2019-04-26,0.4613597507240719,0.8167832460303419,-0.35542349530627
2019-04-29,0.4942614151020679,0.7941296146690565,-0.2998681995669886
2019-04-30,0.5093358917344244,0.7922384034798404,-0.28290251174541603
2019-05-01,0.5057728682674099,0.7956507307915263,-0.2898778625241164
2019-05-02,0.5104417508162395,0.791709617044233,-0.2812678662279935
2019-05-03,0.45681635575326107,0.7747905505363383,-0.3179741947830772
2019-05-06,0.2573232431769233,0.7829197253131311,-0.5255964821362078
2019-05-07,0.3130650899421157,0.7951430795590166,-0.48207798961690096
2019-05-08,0.2930964441105182,0.7818894395991156,-0.4887929954885974
2019-05-09,0.3004052131546125,0.7788782828481488,-0.47847306969353626
2019-05-10,0.3396390348160432,0.756594915857833,-0.4169558810417898
2019-05-13,0.2590322857635335,0.7054469059143152,-0.44641462015078176
2019-05-14,0.21025151300925168,0.6630119305484165,-0.45276041753916474
2019-05-15,0.18108189954069845,0.6593523552676789,-0.47827045572698046
2019-05-16,0.1484096159433936,0.6608313581610243,-0.5124217422176307
2019-05-17,0.19014590865870257,0.6998400436185033,-0.5096941349598008
2019-05-20,0.13492107165253978,0.7113789160118201,-0.5764578443592804
2019-05-21,0.15023435146823055,0.709259515269264,-0.5590251638010335
2019-05-22,0.07955576026790054,0.6957050251775385,-0.616149264909638
2019-05-23,0.07226826948521867,0.7129617890273523,-0.6406935195421336
2019-05-24,0.23752299030658627,0.7401088811772508,-0.5025858908706645
2019-05-28,0.2540239084043713,0.6781831169274674,-0.4241592085230961
2019-05-29,0.23283783100875358,0.6889253924537438,-0.4560875614449903
2019-05-30,0.23422436611004405,0.6910634148103371,-0.456839048700293
2019-05-31,0.2218808737420916,0.7717164308579079,-0.5498355571158162
2019-06-03,0.20384173167666464,0.7290393149957145,-0.5251975833190499
2019-06-04,0.2529417124683266,0.7722422168857237,-0.5193005044173971
2019-06-05,0.2615925644862016,0.7729817155331578,-0.5113891510469561
2019-06-06,0.25545781431490755,0.7737426250182322,-0.5182848107033247
2019-06-07,0.23289942423089122,0.7771167984180686,-0.5442173741871774
2019-06-10,0.21901057774394483,0.7810261696062146,-0.5620155918622698
2019-06-11,0.4075110261586795,0.8068398573636854,-0.39932883120500584
2019-06-12,0.37172757546351226,0.7937790088408585,-0.42205143337734624
2019-06-13,0.4305332263955993,0.7924850683803001,-0.36195184198470076
2019-06-14,0.4075193987854489,0.7849615515691151,-0.37744215278366616
2019-06-17,0.37346049642376183,0.787456682430673,-0.4139961860069112
2019-06-18,0.40423745508295966,0.8064715727190164,-0.4022341176360567
2019-06-19,0.3837020838892812,0.8043556032214904,-0.4206535193322092
2019-06-20,0.43394707238743013,0.8100798016934538,-0.3761327293060237
2019-06-21,0.4883062287036874,0.8323413660835771,-0.3440351373798897
2019-06-24,0.4419968424470281,0.8052171211766429,-0.3632202787296148
2019-06-25,0.4633336763714913,0.7991806447973658,-0.3358469684258745
2019-06-26,0.4699117077254692,0.813057647773595,-0.3431459400481258
2019-06-27,0.46210576989794816,0.8109199679181428,-0.34881419802019464
2019-06-28,0.4889415679234832,0.8125024357328979,-0.32356086780941473
2019-07-01,0.5552464837472467,0.7976323592317712,-0.2423858754845245
2019-07-02,0.5540852452270936,0.7871888057659141,-0.23310356053882053
2019-07-03,0.5066532083879892,0.7746548387620347,-0.26800163037404545
2019-07-05,0.5057431406689971,0.7727652341865238,-0.2670220935175267
2019-07-08,0.4415007772401019,0.7961697171993846,-0.35466893995928267
2019-07-09,0.45436092215238627,0.7879081644578937,-0.3335472423055074
2019-07-10,0.4519572517014322,0.7847439640832335,-0.33278671238180135
2019-07-11,0.5236711452826728,0.7924983092798944,-0.2688271639972216
2019-07-12,0.5102437522674631,0.8050274098157624,-0.29478365754829927
2019-07-15,0.5293058922579418,0.8044745470839544,-0.2751686548260126
2019-07-16,0.49823062016598496,0.7854181833318554,-0.28718756316587046
2019-07-17,0.350656669437814,0.7158555924261445,-0.3651989229883305
2019-07-18,0.2579165598328017,0.734408991205702,-0.4764924313729003
2019-07-19,0.17383399847157222,0.7472317131526667,-0.5733977146810945
2019-07-22,0.2013081382042893,0.7566551446885127,-0.5553470064842234
2019-07-23,0.2690206201462068,0.7404931022489911,-0.4714724821027843
2019-07-24,0.10351230012804344,0.7333047042199902,-0.6297924040919467
2019-07-25,0.13302317958183904,0.7316730397973372,-0.5986498602154982
2019-07-26,0.15074210466587198,0.7424888887625809,-0.5917467840967089
2019-07-29,0.21696896230434917,0.7361172514392805,-0.5191482891349314
2019-07-30,0.1999748384883409,0.7379770767121001,-0.5380022382237593
2019-07-31,0.19924890225036632,0.7372340820584778,-0.5379851798081116
2019-08-01,0.10879473159835171,0.7574928538047501,-0.6486981222063983
2019-08-02,0.18562507447255186,0.7392382934766899,-0.5536132190041381
2019-08-05,-0.006093915414566029,0.7105616388983107,-0.7166555543128768
2019-08-06,0.06897792493199154,0.7384223090635708,-0.6694443841315793
2019-08-07,0.05982888658915585,0.7383525663031681,-0.6785236797140123
2019-08-08,0.3174017201814897,0.7397376101517266,-0.42233588997023686
2019-08-09,0.31434872121261304,0.7220299076130964,-0.40768118640048334
2019-08-12,0.31124853916994843,0.7221055025034957,-0.41085696333354726
2019-08-13,0.37182843134737054,0.719916130770893,-0.34808769942352247
2019-08-14,0.30847629665261483,0.713378757522101,-0.40490246086948617
2019-08-15,0.3093827615276233,0.7392795680919616,-0.4298968065643383
2019-08-16,0.3666695485688663,0.7357021806637873,-0.36903263209492104
2019-08-19,0.302035793163686,0.7214068147743472,-0.4193710216106612
2019-08-20,0.2870502873856723,0.7423690061420503,-0.45531871875637797
2019-08-21,0.29845170799773135,0.7443297922526283,-0.44587808425489694
2019-08-22,0.4158667734020362,0.7547378915273462,-0.33887111812530996
2019-08-23,0.42400691262519075,0.7500570846015193,-0.3260501719763286
2019-08-26,0.33901225752048064,0.7717026075989407,-0.4326903500784601
2019-08-27,0.31547539181924766,0.7733903358574528,-0.4579149440382051
2019-08-28,0.38865787034342497,0.7912566877716396,-0.40259881742821463
2019-08-29,0.23249053747762888,0.7640338542056657,-0.5315433167280368
2019-08-30,0.27508468282299076,0.755109551964723,-0.4800248691417322
2019-09-03,0.18560136709007163,0.7466767055914318,-0.5610753385013603
2019-09-04,0.22157845873563112,0.7560178579230397,-0.5344393991874086
2019-09-05,0.13451145635565778,0.7480960159550735,-0.6135845595994157
2019-09-06,0.07029077786866984,0.81378816136198,-0.7434973834933101
2019-09-09,0.04423637231379702,0.8120267147218608,-0.7677903424080638
2019-09-10,0.04745287351216865,0.8133545008978956,-0.765901627385727
2019-09-11,0.07168383620101364,0.8043547033321005,-0.7326708671310869
2019-09-12,0.1381322377505542,0.8034631397246718,-0.6653309019741176
2019-09-13,0.08351392860884069,0.7912208710523431,-0.7077069424435024
2019-09-16,0.1269976089830857,0.8385740648193303,-0.7115764558362445
2019-09-17,0.27379590046259067,0.8394586278916176,-0.5656627274290269
2019-09-18,0.2599070567580941,0.8538662822110964,-0.5939592254530023
2019-09-19,0.25784682257256997,0.8654184132260071,-0.6075715906534371
2019-09-20,0.1426987128670999,0.8502590920348582,-0.7075603791677583
2019-09-23,0.10789477743853709,0.8556512272509929,-0.7477564498124558
2019-09-24,0.10267268888975067,0.8356856289514849,-0.7330129400617342
2019-09-25,0.06946792560554067,0.8345447729312265,-0.7650768473256858
2019-09-26,0.037003247990796205,0.8565268601820011,-0.8195236121912048
2019-09-27,0.06136705210372372,0.8549322841349184,-0.7935652320311947
2019-09-30,0.13269978197605817,0.8608624927254778,-0.7281627107494196
2019-10-01,0.16036509756726977,0.8680221945352236,-0.7076570969679538
2019-10-02,0.13911746025961072,0.8703904165212292,-0.7312729562616185
2019-10-03,0.12241530904802761,0.8681224705486819,-0.7457071615006543
2019-10-04,0.12214174416738265,0.8653445956365238,-0.7432028514691411
2019-10-07,0.1662083667749402,0.8649386624469568,-0.6987302956720166
2019-10-08,-0.002283888234913533,0.869397536383352,-0.8716814246182656
2019-10-09,0.05984539802271642,0.8743226525583004,-0.8144772545355841
2019-10-10,0.06838834271896632,0.8681101083795967,-0.7997217656606304
2019-10-11,0.06363937285894032,0.8754065242015828,-0.8117671513426425
2019-10-14,0.05815138360813898,0.8733699677337701,-0.8152185841256311
2019-10-15,0.19569355506058844,0.8773236934205546,-0.6816301383599661
2019-10-16,0.1404746603136269,0.866206740587708,-0.7257320802740811
2019-10-17,0.4094769915222438,0.8586695704109145,-0.4491925788886707
2019-10-18,0.31998497085956984,0.8194999700905808,-0.499514999231011
2019-10-21,0.18478932311730983,0.813510188074705,-0.6287208649573952
2019-10-22,0.19276521036898442,0.8092905775114195,-0.6165253671424351
2019-10-23,0.2060874917885504,0.8277643124307004,-0.6216768206421499
2019-10-24,0.17528297921871364,0.827975243004381,-0.6526922637856674
2019-10-25,0.27350820241176066,0.8349404031400761,-0.5614322007283155
2019-10-28,0.24469749382233025,0.8334115045826476,-0.5887140107603173
2019-10-29,0.27223255588732403,0.8301295955271376,-0.5578970396398135
2019-10-30,0.29132171178272276,0.8290538215047956,-0.5377321097220729
2019-10-31,0.22664695563579992,0.8234676389890457,-0.5968206833532458
2019-11-01,0.26865855070473366,0.8241452945940849,-0.5554867438893513
2019-11-04,0.308917933092707,0.8290882371632324,-0.5201703040705254
2019-11-05,0.18089505623115526,0.88454088307057,-0.7036458268394148
2019-11-06,0.45185008275188493,0.9100556362325525,-0.45820555348066755
2019-11-07,0.37475109680183744,0.8899113634313265,-0.515160266629489
2019-11-08,0.3086543516126624,0.9063681148348074,-0.597713763222145
2019-11-11,0.3935730639488909,0.9104975980940518,-0.5169245341451609
2019-11-12,0.3704305518443758,0.8900579527160251,-0.5196274008716493
2019-11-13,0.40559398095009186,0.883656244522408,-0.4780622635723161
2019-11-14,0.34314073310188564,0.8738882397860588,-0.5307475066841731
2019-11-15,0.3621414650662366,0.8815483016072068,-0.5194068365409701
2019-11-18,0.374892207836993,0.8819390872020083,-0.5070468793650154
2019-11-19,0.333761503005137,0.8875326021556174,-0.5537710991504803
2019-11-20,0.28489974459565726,0.8754415020644148,-0.5905417574687576
2019-11-21,0.3087734980058919,0.8762715790636709,-0.567498081057779
2019-11-22,0.3854145953703797,0.865058013461209,-0.47964341809082933
2019-11-25,0.4115889673825212,0.8768400770570135,-0.4652511096744923
2019-11-26,0.43057668173597813,0.8758946639716502,-0.44531798223567204
2019-11-27,0.08325961588510553,0.8726379185340831,-0.7893783026489776
2019-11-29,0.06919979982921863,0.8918482222022599,-0.8226484223730413
2019-12-02,0.04651420806543239,0.8928167853437007,-0.8463025772782683
2019-12-03,0.09980021537251763,0.8873029957108265,-0.7875027803383089
2019-12-04,0.1416431920402861,0.9063323559483959,-0.7646891639081098
2019-12-05,0.11117675976070511,0.8845631925495372,-0.7733864327888321
2019-12-06,0.1843466917114784,0.8820061323724243,-0.6976594406609459
2019-12-09,0.04909100690363926,0.8844166711113274,-0.8353256642076882
2019-12-10,0.10072830297712085,0.8949458897558729,-0.794217586778752
2019-12-11,0.067004785287825,0.8942258915808278,-0.8272211062930028
2019-12-12,0.15557657949374315,0.9015710272912235,-0.7459944477974804
2019-12-13,0.18092854055072755,0.878170474685977,-0.6972419341352494
2019-12-16,0.11103839064960495,0.8665832435576627,-0.7555448529080577
2019-12-17,0.10429588950997737,0.8636837704779147,-0.7593878809679373
2019-12-18,0.27373382036081534,0.8636498295368586,-0.5899160091760434
2019-12-19,0.25832279583134876,0.8397446487108986,-0.5814218528795498
2019-12-20,0.4156818217713044,0.8438713876017382,-0.42818956583043377
2019-12-23,0.39773277662723366,0.7817640974192233,-0.3840313207919896
2019-12-24,0.298244971948503,0.7529020844172064,-0.4546571124687034
2019-12-26,0.42245614453552915,0.7949762658366889,-0.37252012130115975
2019-12-27,0.35358886662295624,0.8044954338443847,-0.45090656722142847
2019-12-30,0.3150596296459267,0.7952807726333816,-0.4802211429874549
2019-12-31,0.35558866451456383,0.7928706390792305,-0.43728197456466666
2020-01-02,0.31547385151353236,0.7828075141384719,-0.4673336626249396
2020-01-03,0.29560494945918714,0.7812625773728106,-0.48565762791362344
2020-01-06,0.23794165053429928,0.7123119682797556,-0.47437031774545635
2020-01-07,0.25604701632845317,0.7017500161944745,-0.44570299986602135
2020-01-08,0.25192317728674335,0.6998562028237771,-0.4479330255370338
2020-01-09,0.26756089614830775,0.723204320712041,-0.45564342456373325
2020-01-10,0.251594310361547,0.7325889463400806,-0.48099463597853365
2020-01-13,0.3040371289471222,0.737417117589332,-0.43337998864220983
2020-01-14,0.21811740530862714,0.7270109522762291,-0.508893546967602
2020-01-15,0.23320984854193483,0.7281053629580629,-0.4948955144161281
2020-01-16,0.3056464413135455,0.7323724902198471,-0.42672604890630156
2020-01-17,0.17406630068162435,0.7160895421403007,-0.5420232414586764
2020-01-21,0.23813729942727851,0.7322501275975061,-0.49411282817022756
2020-01-22,0.3590937980028133,0.7216466242603845,-0.3625528262575712
2020-01-23,0.4133921708771454,0.6534365644648484,-0.24004439358770302
2020-01-24,0.41210631206246695,0.6494169460768774,-0.23731063401441044
2020-01-27,0.4394514208539303,0.6523120305719744,-0.2128606097180441
2020-01-28,0.40960205086481316,0.6165326984807497,-0.2069306476159365
2020-01-29,0.3898533538011509,0.7203295790292674,-0.33047622522811654
2020-01-30,0.44284324795421187,0.7271643429418639,-0.28432109498765207
2020-01-31,0.27874887881978,0.6919423591185966,-0.4131934802988166
2020-02-03,0.18550299686413502,0.6946237977685553,-0.5091208009044204
2020-02-04,0.17895610590631686,0.725018733887372,-0.5460626279810552
2020-02-05,0.1962195263041507,0.6744502798309293,-0.4782307535267786
2020-02-06,0.1973444298102476,0.6784296673312271,-0.48108523752097954
2020-02-07,0.2374675088485338,0.6909862302731726,-0.45351872142463884
2020-02-10,0.20967244575739363,0.6640452888483491,-0.4543728430909555
2020-02-11,0.19247472251354306,0.655166054060735,-0.462691331547192
2020-02-12,0.18744774460727864,0.6616801795261135,-0.4742324349188348
2020-02-13,0.17056495890071222,0.667174249129655,-0.49660929022894273
2020-02-14,0.18195177911546115,0.6755740522405587,-0.49362227312509754
2020-02-18,0.17570167296083386,0.6713679821930373,-0.49566630923220345
2020-02-19,0.19670454609064972,0.7537954524476548,-0.5570909063570051
2020-02-20,0.1648233144160916,0.7722263603991074,-0.6074030459830158
2020-02-21,0.17491028986625579,0.757169733783084,-0.5822594439168283
2020-02-24,0.21351320491201187,0.7206453153443915,-0.5071321104323796
2020-02-25,0.22288340925777567,0.707059352298931,-0.48417594304115535
2020-02-26,0.46613110327020285,0.7864092169680083,-0.3202781136978054
2020-02-27,0.4337632807710211,0.78845938942478,-0.3546961086537589
2020-02-28,0.42895526244795773,0.783376884799407,-0.3544216223514493
2020-03-02,0.1675712704494536,0.8672125686556036,-0.69964129820615
2020-03-03,0.16757389831141192,0.8676460634093053,-0.7000721650978934
2020-03-04,0.18842084098454726,0.8726197172713342,-0.684198876286787
2020-03-05,0.17676997925583793,0.8743849241534605,-0.6976149448976225
2020-03-06,0.1594213763122796,0.8683144697503723,-0.7088930934380927
2020-03-09,0.1549256262573174,0.8682134260190699,-0.7132877997617525
2020-03-10,0.1099983581245545,0.8635187170748574,-0.7535203589503029
2020-03-11,0.09002266548076768,0.836430052375802,-0.7464073868950344
2020-03-12,0.11013360237906646,0.842258866509311,-0.7321252641302446
2020-03-13,0.14442916989355492,0.8875427355652754,-0.7431135656717205
2020-03-16,0.043808489325655994,0.9115503372875446,-0.8677418479618887
2020-03-17,-0.08519511775765819,0.731168161350851,-0.8163632791085093
2020-03-18,-0.19200931951117606,0.720388552755856,-0.9123978722670321
2020-03-19,-0.15480510495066022,0.7495141127580139,-0.9043192177086742
2020-03-20,-0.13807490126290584,0.7051612502021424,-0.8432361514650482
2020-03-23,-0.27765544281172333,0.7141049139524527,-0.991760356764176
2020-03-24,-0.20737736885574598,0.75400520195013,-0.961382570805876
2020-03-25,-0.01500569322313964,0.7955048739880878,-0.8105105672112274
2020-03-26,-0.0007552150116878896,0.7699068113241782,-0.770662026335866
2020-03-27,0.0380113982951018,0.768971686997584,-0.7309602887024822
2020-03-30,0.030661199249021713,0.7668990758480946,-0.7362378765990729
2020-03-31,0.059941770881214815,0.7628877122616703,-0.7029459413804555
2020-04-01,0.07444304474389447,0.7293391118274074,-0.6548960670835129
2020-04-02,0.06146143468277874,0.7283364146984558,-0.666874980015677
2020-04-03,-0.04367309947741347,0.734497268350754,-0.7781703678281675
2020-04-06,0.020499753773675012,0.7328115305076044,-0.7123117767339294
2020-04-07,0.006700597356926229,0.7451536150695894,-0.7384530177126633
2020-04-08,-0.05495266916535602,0.7371816103681146,-0.7921342795334706
2020-04-09,0.02284621577822643,0.7339134242466535,-0.7110672084684271
2020-04-13,0.17323758736949738,0.7414355736512569,-0.5681979862817595
2020-04-14,0.07891697010983059,0.719128897041305,-0.6402119269314744
2020-04-15,0.1000743472277559,0.7192926565779303,-0.6192183093501744
2020-04-16,-0.23430097555926543,0.712928554491166,-0.9472295300504314
2020-04-17,-0.20392370064688856,0.7125086187586612,-0.9164323194055498
2020-04-20,-0.2670396927018918,0.7147116740446716,-0.9817513667465634
2020-04-21,-0.26554248398598007,0.7157610077043007,-0.9813034916902807
2020-04-22,-0.23579659482551066,0.7194851321671416,-0.9552817269926522
2020-04-23,-0.3061423373464799,0.7307601069277568,-1.0369024442742367
2020-04-24,-0.07076560157501849,0.7319701302973192,-0.8027357318723376
2020-04-27,-0.025771870651595058,0.6977960363855166,-0.7235679070371116
2020-04-28,-0.05728709591770246,0.6581748010442718,-0.7154618969619743
2020-04-29,0.0005596748762859535,0.7731080889078188,-0.7725484140315328
2020-04-30,0.1784358825059094,0.7922506895253958,-0.6138148070194864
2020-05-01,0.0004945237422173515,0.799761958792177,-0.7992674350499597
2020-05-04,0.11887952922339833,0.8248433097538131,-0.7059637805304149
2020-05-05,0.07431438383146816,0.8169068961745589,-0.7425925123430908
2020-05-06,0.032268287206547355,0.7768325518008076,-0.7445642645942602
2020-05-07,0.025347261444797025,0.6628049579272813,-0.6374576964824843
2020-05-08,0.04897822198278018,0.7354159739271494,-0.6864377519443692
2020-05-11,0.036319686419039585,0.7226692990259344,-0.6863496126068948
2020-05-12,0.018459370911105583,0.717968543400913,-0.6995091724898074
2020-05-13,0.04545869074672824,0.7525795419428805,-0.7071208511961522
2020-05-14,0.1023639352243003,0.7918442305215022,-0.6894802952972019
2020-05-15,0.2249857341486744,0.8065946225702418,-0.5816088884215674
2020-05-18,0.08727601819206417,0.735249432682748,-0.6479734144906838
2020-05-19,-0.6432715209826824,0.7061922503748898,-1.3494637713575721
2020-05-20,0.18301358838189374,0.6576664643788808,-0.474652875996987
2020-05-21,0.19736519928331717,0.6530726194788405,-0.45570742019552335
2020-05-22,0.8819641626051568,0.6800260105766276,0.20193815202852916
2020-05-26,0.3535722571062536,0.6476210313973667,-0.2940487742911131
2020-05-27,0.4010785788703921,0.6744076023219616,-0.2733290234515695
2020-05-28,0.38688906259110917,0.6667142393845427,-0.2798251767934335
2020-05-29,0.3712875362123883,0.6609889543127352,-0.2897014181003469
2020-06-01,0.7071930050889507,0.66676812124485,0.0404248838441007
2020-06-02,0.47639291053476146,0.6164984393932299,-0.14010552885846844
2020-06-03,0.504007410974318,0.6297094821864513,-0.12570207121213328
2020-06-04,0.9057069026823201,0.6677363473054067,0.23797055537691347
2020-06-05,0.48822386127351586,0.6595007050877423,-0.17127684381422642
2020-06-08,0.34628701625609154,0.6987765921894866,-0.3524895759333951
2020-06-09,0.48491239164148875,0.7112425742680691,-0.2263301826265804
2020-06-10,0.428652431302027,0.6594376680616884,-0.23078523675966134
2020-06-11,0.8092152395347814,0.6799191801121387,0.12929605942264266
2020-06-12,0.7075981626363655,0.6753794197537778,0.03221874288258775
2020-06-15,0.3871492695690607,0.6378528753249476,-0.2507036057558869
2020-06-16,0.3930516398747946,0.6548378580921684,-0.26178621821737386
2020-06-17,0.3998660650821527,0.6742086287426097,-0.27434256366045695
2020-06-18,0.4033226841179392,0.6720866680291733,-0.2687639839112341
2020-06-19,0.45616682211348997,0.6803266798410782,-0.22415985772758823
2020-06-22,0.3834765319257618,0.6710662999649136,-0.2875897680391518
2020-06-23,0.4040138106886696,0.6807823787282814,-0.2767685680396118
2020-06-24,0.29077532692112484,0.6867599098383099,-0.3959845829171851
2020-06-25,0.37852701625344004,0.682860511394493,-0.30433349514105296
2020-06-26,0.3632181612758893,0.6740377994910096,-0.3108196382151203
2020-06-29,0.3935162037886735,0.6641409789297078,-0.2706247751410343
2020-06-30,0.27380984647493256,0.6867695849176034,-0.41295973844267087
2020-07-01,0.36204637233269293,0.7341502468967498,-0.37210387456405686
2020-07-02,0.14274645716749948,0.7269890814978673,-0.5842426243303679
2020-07-06,0.331854914753738,0.7219850193099243,-0.3901301045561863
2020-07-07,0.181927331214893,0.6988964854670711,-0.516969154252178
2020-07-08,0.20394984503776603,0.6888894797315893,-0.4849396346938233
2020-07-09,0.17264985295426163,0.70895724010256,-0.5363073871482984
2020-07-10,0.16798282426826644,0.7146414440700372,-0.5466586198017707
2020-07-13,0.19679799414913332,0.7113418434611911,-0.5145438493120578
2020-07-14,0.1417490689372703,0.697521702666276,-0.5557726337290056
2020-07-15,0.19832793714382216,0.7060895477133037,-0.5077616105694815
2020-07-16,-0.03463290555323875,0.6900453841041714,-0.7246782896574101
2020-07-17,0.237329449112976,0.6898952657119753,-0.45256581659899936
2020-07-20,0.3649668707276639,0.7105422624516274,-0.34557539172396357
2020-07-21,0.2884607838555683,0.7034078445907379,-0.4149470607351696
2020-07-22,0.21006573453467095,0.7165118386563899,-0.506446104121719
2020-07-23,0.3822233711538876,0.8082151220944991,-0.4259917509406115
2020-07-24,0.4950219348094593,0.7318780729984024,-0.23685613818894308
2020-07-27,0.4708016982813987,0.6906282254817108,-0.2198265272003121
2020-07-28,0.5588091306459556,0.75895429279061,-0.2001451621446544
2020-07-29,0.5488512357694374,0.732722108987655,-0.1838708732182176
2020-07-30,0.46812581798443126,0.7071230270091935,-0.23899720902476224
2020-07-31,0.5068131034589786,0.7378283836958527,-0.23101528023687412
2020-08-03,0.4885091697029701,0.7390506664204675,-0.25054149671749737
2020-08-04,0.46431106887162,0.7458538839760606,-0.28154281510444057
2020-08-05,0.48718716222070885,0.7855366053895286,-0.2983494431688198
2020-08-06,0.44914429175998105,0.7910342912650483,-0.34188999950506727
2020-08-07,0.20782970709147833,0.7884893977974448,-0.5806596907059665
2020-08-10,0.1546362941838377,0.7990450549366933,-0.6444087607528556
2020-08-11,0.16392922697159842,0.7686662477040105,-0.6047370207324121
2020-08-12,-0.30684467133405363,0.8864853156857524,-1.193329987019806
2020-08-13,-0.2823522874442776,0.8849078441788503,-1.167260131623128
2020-08-14,-0.3882953565135118,0.8927838524262037,-1.2810792089397156
2020-08-17,-0.3860144733221735,0.8923141438651515,-1.278328617187325
2020-08-18,-0.2893001954017911,0.8887839985756688,-1.17808419397746
2020-08-19,-0.293144493538431,0.8903002041863314,-1.1834446977247624
2020-08-20,-0.23830584608409952,0.8802712273627107,-1.1185770734468101
2020-08-21,-0.2942893700311498,0.8801393796196493,-1.174428749650799
2020-08-24,-0.3098083349713873,0.8817710811276679,-1.1915794160990552
2020-08-25,-0.29951669123465313,0.883345800440406,-1.1828624916750592
2020-08-26,-0.28118861994902455,0.8834646046637087,-1.1646532246127332
2020-08-27,-0.23025796692304193,0.8843410291159643,-1.1145989960390064
2020-08-28,-0.1948550528396784,0.8831259948017349,-1.0779810476414133
2020-08-31,-0.2353032434081441,0.8761590585036364,-1.1114623019117804
2020-09-01,-0.20073818791784098,0.8755554048495275,-1.0762935927673685
2020-09-02,0.051598989999395974,0.8756018388088623,-0.8240028488094664
2020-09-03,0.007895414744669888,0.8842510907110498,-0.8763556759663799
2020-09-04,-0.0046883267283493076,0.9020902128838313,-0.9067785396121806
2020-09-08,0.05437959687197421,0.9046961622142821,-0.8503165653423078
2020-09-09,-0.1924483257408351,0.8998672996141772,-1.0923156253550124
2020-09-10,-0.186753746957006,0.9063261576117669,-1.093079904568773
2020-09-11,-0.1571601465994432,0.9156725739068888,-1.072832720506332
2020-09-14,-0.10182216921417633,0.9183915489808605,-1.0202137181950368
2020-09-15,-0.11869669463198372,0.9176159000694548,-1.0363125947014384
2020-09-16,0.015430868019108031,0.917772307522275,-0.902341439503167
2020-09-17,-0.07934946463034562,0.9104585049494721,-0.9898079695798178
2020-09-18,-0.08907932433610742,0.9079105368839636,-0.996989861220071
2020-09-21,-0.08340458716768445,0.9102695796101258,-0.9936741667778102
2020-09-22,-0.1523834795501049,0.909189007655286,-1.0615724872053909
2020-09-23,0.2579139129690219,0.9248298877963826,-0.6669159748273608
2020-09-24,-0.16909009832328611,0.8792837144573793,-1.0483738127806654
2020-09-25,0.004904260914029913,0.8836418516045925,-0.8787375906905626
2020-09-28,-0.1003897142503177,0.8672041993171287,-0.9675939135674464
2020-09-29,0.10197305685915226,0.8797467155044977,-0.7777736586453454
2020-09-30,0.004952968390570497,0.8714843761725203,-0.8665314077819498
2020-10-01,0.02701739893252895,0.8641666188775851,-0.8371492199450561
2020-10-02,-0.10118744201448605,0.9068498960849094,-1.0080373380993954
2020-10-05,-0.14766670783951358,0.9047306227134447,-1.0523973305529584
2020-10-06,-0.08178481447552514,0.902550587674468,-0.9843354021499932
2020-10-07,-0.06379110418554637,0.908294822142284,-0.9720859263278303
2020-10-08,-0.0002012234057794378,0.9008140006509503,-0.9010152240567297
2020-10-09,-0.08460867049064352,0.894320945551423,-0.9789296160420666
2020-10-12,-0.09000177103132176,0.9156769963527883,-1.00567876738411
2020-10-13,0.03451205966131625,0.9362153124199648,-0.9017032527586486
2020-10-14,0.06796571434118177,0.9401814600872994,-0.8722157457461176
2020-10-15,0.11811367567350974,0.9402964850794577,-0.822182809405948
2020-10-16,0.1311266366528846,0.9462759569844422,-0.8151493203315576
2020-10-19,0.08826437199856618,0.944492112403496,-0.8562277404049298
2020-10-20,0.04824702377636062,0.9437687939519757,-0.8955217701756151
2020-10-21,0.1204145252683336,0.944525791064281,-0.8241112657959474
2020-10-22,0.15673748076108293,0.9445800936809481,-0.7878426129198651
2020-10-23,0.1133200566064009,0.9385052236676553,-0.8251851670612544
2020-10-26,0.13193279785644516,0.9383970308970558,-0.8064642330406107
2020-10-27,0.036644314675430285,0.9356122642379631,-0.8989679495625328
2020-10-28,0.0394346287425222,0.9365228315361566,-0.8970882027936343
2020-10-29,-0.04645509820448432,0.9405802530684949,-0.9870353512729793
2020-10-30,-0.05347712910556084,0.9447665134451302,-0.998243642550691
2020-11-02,0.21645731221030648,0.9503470550067433,-0.7338897427964368
2020-11-03,0.06534507962039725,0.9441654930318988,-0.8788204134115015
2020-11-04,0.21549386119575767,0.938725377641753,-0.7232315164459954
2020-11-05,0.04207314320456052,0.919344830165393,-0.8772716869608325
2020-11-06,0.044132247901679175,0.9367163713007866,-0.8925841233991074
2020-11-09,0.05331327816591708,0.9357940351288162,-0.8824807569628992
2020-11-10,0.021553824738379516,0.892808140659599,-0.8712543159212195
2020-11-11,-0.01759456331231605,0.8874499274146217,-0.9050444907269377
2020-11-12,0.01979710582319913,0.9004782517819319,-0.8806811459587327
2020-11-13,0.006803704594218024,0.8937884270716566,-0.8869847224774386
2020-11-16,0.01750253029871388,0.8952125291720794,-0.8777099988733655
2020-11-17,0.08487687480305593,0.8963631928581524,-0.8114863180550964
2020-11-18,0.035679131113263575,0.8989320080626502,-0.8632528769493866
2020-11-19,0.1487940048499801,0.9069936599671107,-0.7581996551171306
2020-11-20,0.24304503014738732,0.9071046852699922,-0.6640596551226049
2020-11-23,0.1015839336791148,0.9055647877404222,-0.8039808540613074
2020-11-24,0.09611119710250864,0.9077953182874376,-0.811684121184929
2020-11-25,0.024682272639279104,0.9013981762379334,-0.8767159035986543
2020-11-27,0.014063253188162986,0.9016054254060784,-0.8875421722179153
2020-11-30,-0.20255830467357064,0.897545474285962,-1.1001037789595327
2020-12-01,-0.17965760787494683,0.893894904211584,-1.0735525120865308
2020-12-02,-0.49940125298064497,0.9020815697812888,-1.4014828227619338
2020-12-03,-0.5143541129053196,0.8965029278422536,-1.4108570407475733
2020-12-04,-0.5240764700144883,0.8922394688971724,-1.4163159389116609
2020-12-07,-0.554889909132414,0.8898165330231,-1.444706442155514
2020-12-08,-0.5021193853756292,0.8879128430531251,-1.3900322284287543
2020-12-09,-0.5013140124334092,0.8926959736141862,-1.3940099860475954
2020-12-10,-0.2919150663107601,0.8973226707340621,-1.1892377370448222
2020-12-11,-0.5242299617015111,0.896171679013371,-1.420401640714882
2020-12-14,-0.5189982658688658,0.8940374935339276,-1.4130357594027934
2020-12-15,-0.46958976988547885,0.8935238276468302,-1.3631135975323092
2020-12-16,-0.5504687074281405,0.8960743197290323,-1.4465430271571726
2020-12-17,-0.5561561141621402,0.8862885915864926,-1.442444705748633
2020-12-18,-0.2409263531424379,0.8926440889509298,-1.1335704420933677
2020-12-21,-0.304517684215511,0.8813953970917632,-1.1859130813072742
2020-12-22,0.16832635196476467,0.8669460372177872,-0.6986196852530225
2020-12-23,-0.26194462691335235,0.8087916413117474,-1.0707362682250998
2020-12-24,-0.2546348870569142,0.8177842588846592,-1.0724191459415735
2020-12-28,-0.2504907570341157,0.823014969732041,-1.0735057267661567
2020-12-29,-0.22032962523463293,0.8053618421314105,-1.0256914673660433
2020-12-30,-0.2967970643205414,0.7965136576070979,-1.0933107219276392
2020-12-31,-0.2705861243819439,0.8000506547923056,-1.0706367791742495
