Date,cond_rho_60,spearman_rho_60,error
2016-02-04,0.34209300003302195,0.7878932079962603,-0.4458002079632383
2016-02-05,0.3830245481573433,0.7876978543010881,-0.40467330614374475
2016-02-08,0.38122036312933677,0.8007018063611979,-0.41948144323186115
2016-02-09,0.38308472662553894,0.8061923636038498,-0.4231076369783109
2016-02-10,0.36747314631288974,0.8058809100471055,-0.43840776373421575
2016-02-11,0.36918774107980057,0.8043558007983616,-0.435168059718561
2016-02-12,0.3587512521431146,0.8065233887522498,-0.44777213660913523
2016-02-16,0.36682560384493984,0.8015666262362217,-0.4347410223912818
2016-02-17,0.3521333612409752,0.8278669450600956,-0.4757335838191204
2016-02-18,0.35060610146847543,0.8273629368487951,-0.4767568353803197
2016-02-19,0.35315530186377125,0.8265225179929461,-0.4733672161291748
2016-02-22,0.3389250059189761,0.8268105519312702,-0.48788554601229406
2016-02-23,0.2942331149591769,0.8306531386942231,-0.5364200237350462
2016-02-24,0.2830987174294393,0.8292354346267757,-0.5461367171973364
2016-02-25,0.28464140587209424,0.8306738720075847,-0.5460324661354905
2016-02-26,0.26840591358919685,0.8311527611988208,-0.5627468476096239
2016-02-29,0.20530564652714398,0.8282875084333448,-0.6229818619062008
2016-03-01,0.2017825906699245,0.830481170559302,-0.6286985798893776
2016-03-02,0.18087618394259794,0.8290286340296259,-0.6481524500870279
2016-03-03,0.2033875827428542,0.8291549315267492,-0.6257673487838951
2016-03-04,0.20377081429295843,0.8243116867714604,-0.620540872478502
2016-03-07,0.16192953514092825,0.8018781327878839,-0.6399485976469557
2016-03-08,0.14902337934361584,0.8033956000392235,-0.6543722206956076
2016-03-09,0.11522148494475869,0.8024130308362,-0.6871915458914413
2016-03-10,0.10151333101427344,0.8024283044228085,-0.7009149734085351
2016-03-11,0.11922664802158356,0.8157609309307743,-0.6965342829091907
2016-03-14,0.08034064184491858,0.8048182639042023,-0.7244776220592837
2016-03-15,0.10266367453463249,0.8086338817421371,-0.7059702072075047
2016-03-16,0.10236942696947933,0.8114129936493979,-0.7090435666799185
2016-03-17,0.07190553456071679,0.8037118959461822,-0.7318063613854654
2016-03-18,0.014458668062083766,0.7761576374435278,-0.7616989693814441
2016-03-21,-0.03627990742186687,0.7749605549374631,-0.8112404623593299
2016-03-22,-0.04596507135180261,0.7719250309066307,-0.8178901022584333
2016-03-23,-0.041342580465856676,0.7735299256687874,-0.8148725061346441
2016-03-24,0.07005880732794924,0.7914956526242903,-0.7214368452963411
2016-03-28,0.04706065469439708,0.7976737584987192,-0.7506131038043221
2016-03-29,0.09170042633833583,0.7975113206778641,-0.7058108943395283
2016-03-30,0.0674542353937878,0.7961683072046248,-0.728714071810837
2016-03-31,0.10149029539548696,0.7956154530349552,-0.6941251576394682
2016-04-01,0.09047311466036428,0.8016860367696137,-0.7112129221092494
2016-04-04,0.05707736767003042,0.7995983889043657,-0.7425210212343353
2016-04-05,0.07859291715368057,0.8054221798382022,-0.7268292626845216
2016-04-06,0.06502980368946876,0.8045942366796276,-0.7395644329901588
2016-04-07,0.07889750842171711,0.8123872490435345,-0.7334897406218175
2016-04-08,0.07178986165290388,0.8124678746000444,-0.7406780129471405
2016-04-11,0.058096261006898534,0.8066410955134358,-0.7485448345065372
2016-04-12,0.04363377956913836,0.8112676292807356,-0.7676338497115972
2016-04-13,0.05752802177529523,0.7918796687284931,-0.7343516469531979
2016-04-14,0.0611814580210594,0.7868461252539602,-0.7256646672329008
2016-04-15,0.06670496227954721,0.790044510174804,-0.7233395478952568
2016-04-18,0.048579370333740816,0.7905486067775566,-0.7419692364438157
2016-04-19,0.05048062795002692,0.7910603331818156,-0.7405797052317886
2016-04-20,0.09390635469993139,0.7823855674144735,-0.6884792127145422
2016-04-21,0.12253831059596663,0.7794028091745593,-0.6568644985785926
2016-04-22,0.11343280981827597,0.7769198140105137,-0.6634870041922377
2016-04-25,0.1204309065957454,0.776616085447586,-0.6561851788518406
2016-04-26,0.05504926428230793,0.7721079224603066,-0.7170586581779986
2016-04-27,0.05020856280672251,0.7727664002127304,-0.7225578374060079
2016-04-28,0.037405472617781536,0.7739684750878216,-0.7365630024700401
2016-04-29,0.13473880879541816,0.7813357368962526,-0.6465969281008344
2016-05-02,0.11651822901770577,0.7797332983517105,-0.6632150693340046
2016-05-03,0.1492423954188768,0.7716965722611014,-0.6224541768422247
2016-05-04,0.16391714731913398,0.7711855501035815,-0.6072684027844475
2016-05-05,0.13645197278527044,0.7684547638339341,-0.6320027910486636
2016-05-06,0.11909983103205306,0.7681824601935375,-0.6490826291614845
2016-05-09,0.16089217030269912,0.7698760403167361,-0.608983870014037
2016-05-10,0.14739173731064617,0.7792070408521232,-0.6318153035414771
2016-05-11,0.19844915435895874,0.7815347429831804,-0.5830855886242217
2016-05-12,0.08379146186673797,0.7619178647234232,-0.6781264028566851
2016-05-13,0.07347331532198983,0.7649739146528058,-0.691500599330816
2016-05-16,0.10002099384334737,0.7681629838533458,-0.6681419900099984
2016-05-17,0.09952585906969692,0.7665893824797668,-0.6670635234100699
2016-05-18,0.11848389870026488,0.7622430936951815,-0.6437591949949166
2016-05-19,0.16592611838676966,0.7787847906078904,-0.6128586722211208
2016-05-20,0.13037608593161484,0.7719254106572646,-0.6415493247256497
2016-05-23,0.14314692632346732,0.7764248962251383,-0.6332779699016711
2016-05-24,0.20738730451546422,0.7811970962854553,-0.5738097917699911
2016-05-25,0.16879185940361427,0.7797713591645435,-0.6109794997609292
2016-05-26,0.16496304042286905,0.7787161986485058,-0.6137531582256368
2016-05-27,0.1755027326803933,0.7786851180157652,-0.6031823853353719
2016-05-31,0.1345430811802552,0.776427810037753,-0.6418847288574978
2016-06-01,0.13229121698936783,0.7729851403458721,-0.6406939233565042
2016-06-02,0.09147052203012862,0.7716966354292271,-0.6802261133990984
2016-06-03,0.10013975998867973,0.77439084846212,-0.6742510884734403
2016-06-06,0.14994245155688526,0.7828239979298516,-0.6328815463729663
2016-06-07,0.1544138045963959,0.7761336501315034,-0.6217198455351075
2016-06-08,0.1698156773733918,0.7805569853427748,-0.6107413079693831
2016-06-09,0.19646310528619237,0.784975685072729,-0.5885125797865366
2016-06-10,0.21618795321969045,0.7862832706030178,-0.5700953173833274
2016-06-13,0.14050770260783663,0.779213471675418,-0.6387057690675814
2016-06-14,0.1483555666491923,0.7962410293644053,-0.6478854627152131
2016-06-15,0.13131206895773628,0.7955787700165793,-0.664266701058843
2016-06-16,0.11758580437946498,0.8005685627995297,-0.6829827584200647
2016-06-17,0.18327569560989534,0.8047477333081198,-0.6214720376982245
2016-06-20,0.1485567617950716,0.7871086526708673,-0.6385518908757957
2016-06-21,0.15677182733761114,0.7826999639289807,-0.6259281365913696
2016-06-22,0.2537645013487843,0.7881518099262481,-0.5343873085774637
2016-06-23,0.24368883967412192,0.7958936758787455,-0.5522048362046236
2016-06-24,0.2714821090917895,0.7918859534213516,-0.5204038443295621
2016-06-27,0.19694147144119664,0.7579489874147051,-0.5610075159735084
2016-06-28,0.2017759926576643,0.7585853139807704,-0.5568093213231061
2016-06-29,0.21409862774150423,0.7497239352842616,-0.5356253075427574
2016-06-30,0.18329757684973103,0.736256905511283,-0.552959328661552
2016-07-01,0.09355793553454596,0.7264635475006666,-0.6329056119661206
2016-07-05,0.042454937275564555,0.7281372596923263,-0.6856823224167617
2016-07-06,0.054315831444782754,0.7320100476994218,-0.677694216254639
2016-07-07,0.07069028559839728,0.727381720172283,-0.6566914345738857
2016-07-08,0.1237969093347665,0.7298352111519629,-0.6060383018171964
2016-07-11,0.11966255534793507,0.7310245099617938,-0.6113619546138587
2016-07-12,0.0962406513899249,0.7240793926168156,-0.6278387412268908
2016-07-13,0.15025517103805217,0.7275499984345675,-0.5772948273965153
2016-07-14,0.15986781619273666,0.7295098188412789,-0.5696420026485423
2016-07-15,0.1722006082915959,0.7280332755268745,-0.5558326672352786
2016-07-18,0.17191351005106478,0.7298020719067048,-0.55788856185564
2016-07-19,0.13139046983884828,0.7296346691634362,-0.5982441993245879
2016-07-20,0.112678728875558,0.7269174670048087,-0.6142387381292508
2016-07-21,0.13907547706288362,0.7373339301573356,-0.598258453094452
2016-07-22,0.187955581783255,0.744318013636479,-0.556362431853224
2016-07-25,0.17372910339887862,0.7468048327863509,-0.5730757293874723
2016-07-26,0.16337288937545025,0.7396094114775967,-0.5762365221021465
2016-07-27,0.15161866262455082,0.7414120751377419,-0.5897934125131911
2016-07-28,0.14617640699086945,0.7550616635383233,-0.6088852565474538
2016-07-29,0.13164320440111765,0.7548701467055671,-0.6232269423044494
2016-08-01,0.10290008402195808,0.7529069454098906,-0.6500068613879325
2016-08-02,0.0986465859747289,0.7529238528736406,-0.6542772668989117
2016-08-03,0.12897934813076295,0.7538526951432727,-0.6248733470125097
2016-08-04,0.04592453156828963,0.7375007944950023,-0.6915762629267126
2016-08-05,0.048718566197047244,0.7370268316491105,-0.6883082654520633
2016-08-08,0.0857906730245985,0.7491007280926875,-0.6633100550680889
2016-08-09,0.10710507254451619,0.746853564101796,-0.6397484915572799
2016-08-10,0.10454708573671954,0.7474932008984743,-0.6429461151617547
2016-08-11,0.1002272008318109,0.7474353232706723,-0.6472081224388614
2016-08-12,0.10033580525551412,0.7495624566266753,-0.6492266513711612
2016-08-15,0.098423827473987,0.7355550240820831,-0.637131196608096
2016-08-16,0.21154662560009999,0.7431007296899897,-0.5315541040898898
2016-08-17,0.21747724586661296,0.7406767517854277,-0.5231995059188147
2016-08-18,0.26119569715746566,0.738234528964306,-0.4770388318068403
2016-08-19,0.1760292853169795,0.7358171009481841,-0.5597878156312046
2016-08-22,0.14958318351774674,0.7422519205091646,-0.5926687369914179
2016-08-23,0.1694581529465185,0.7365403311814174,-0.5670821782348989
2016-08-24,0.10966006510072351,0.7340453275496056,-0.6243852624488822
2016-08-25,0.12870016577736398,0.74969124611789,-0.620991080340526
2016-08-26,0.11307702656954181,0.7495150646586952,-0.6364380380891534
2016-08-29,0.14613963065294167,0.7492769169519744,-0.6031372862990327
2016-08-30,0.07894987646408014,0.7408776480063295,-0.6619277715422494
2016-08-31,0.10076811417874149,0.745358502939744,-0.6445903887610025
2016-09-01,0.12266875580509026,0.7448315203785837,-0.6221627645734934
2016-09-02,0.007868809445843134,0.7366813660269743,-0.7288125565811312
2016-09-06,-0.02766242735046998,0.7395666463483288,-0.7672290736987988
2016-09-07,-0.0398255868691372,0.7523120770687701,-0.7921376639379073
2016-09-08,-0.05022464592469789,0.7524727663105332,-0.8026974122352311
2016-09-09,-0.0387134528288693,0.7546161516355387,-0.793329604464408
2016-09-12,0.03799250249645708,0.751428340239185,-0.7134358377427279
2016-09-13,0.062140276820115525,0.7452489297406271,-0.6831086529205115
2016-09-14,0.02870069694663078,0.7429664580016608,-0.71426576105503
2016-09-15,0.05720379292509845,0.7467488333698687,-0.6895450404447703
2016-09-16,-0.029360679874534258,0.7399158153162555,-0.7692764951907898
2016-09-19,0.016891794148049637,0.7399463837276984,-0.7230545895796487
2016-09-20,-0.030152348158711557,0.7410638307555687,-0.7712161789142803
2016-09-21,-0.0922256239166348,0.8223406566695277,-0.9145662805861625
2016-09-22,-0.03429823747817871,0.8372568075584434,-0.8715550450366222
2016-09-23,-0.03860828480662718,0.8516437840182256,-0.8902520688248527
2016-09-26,-0.011350082449127455,0.851986650275507,-0.8633367327246345
2016-09-27,0.07708442560253867,0.852423733833441,-0.7753393082309024
2016-09-28,0.017450787682141738,0.8466200773053697,-0.829169289623228
2016-09-29,-0.005753452550027009,0.84205330494094,-0.847806757490967
2016-09-30,-0.022316125316504516,0.8417825103235946,-0.8640986356400991
2016-10-03,0.01942495831824014,0.8413537916901102,-0.8219288333718701
2016-10-04,0.09990705705370165,0.8385254282979474,-0.7386183712442458
2016-10-05,0.2525552731507433,0.8822508630053941,-0.6296955898546508
2016-10-06,0.27031041388812865,0.8932249316095165,-0.622914517721388
2016-10-07,0.31945909255508703,0.8922811521607249,-0.5728220596056379
2016-10-10,0.3138539596425286,0.8919640894122671,-0.5781101297697385
2016-10-11,0.31809724969794206,0.8922926946406113,-0.5741954449426693
2016-10-12,0.29907026624544536,0.8926995471786738,-0.5936292809332284
2016-10-13,0.29464508501609576,0.8969979670909612,-0.6023528820748655
2016-10-14,0.3144738260720163,0.8911037211396776,-0.5766298950676614
2016-10-17,0.2620450920056322,0.8834772673823391,-0.6214321753767069
2016-10-18,0.30813178545921327,0.882482242216479,-0.5743504567572657
2016-10-19,0.3847343210376917,0.8845228882277804,-0.4997885671900887
2016-10-20,0.3978233224211497,0.8831282259820736,-0.48530490356092393
2016-10-21,0.42890278327231823,0.8727132578312395,-0.4438104745589213
2016-10-24,0.3977805202764585,0.8727281375545677,-0.4749476172781092
2016-10-25,0.39088699227742746,0.8738618281235485,-0.48297483584612105
2016-10-26,0.3850869614948511,0.8745976960534932,-0.48951073455864214
2016-10-27,0.3551136163037362,0.8746804609285922,-0.519566844624856
2016-10-28,0.3559716099430764,0.874204092970284,-0.5182324830272076
2016-10-31,0.3616746258678256,0.8761285471195388,-0.5144539212517132
2016-11-01,0.4595355445278527,0.8657115143161833,-0.4061759697883306
2016-11-02,0.4589527812990372,0.8648970273058048,-0.40594424600676754
2016-11-03,0.477872922916067,0.8643882459793157,-0.38651532306324876
2016-11-04,0.4573414992067208,0.8509731180112095,-0.39363161880448866
2016-11-07,0.4418134819064545,0.8501666204249061,-0.4083531385184516
2016-11-08,0.42592583021167163,0.8322907643512053,-0.4063649341395337
2016-11-09,0.4192751109847773,0.8239891177304091,-0.40471400674563174
2016-11-10,0.4171172058527831,0.8270671839641143,-0.40994997811133116
2016-11-11,0.37789209626559456,0.7887519875258144,-0.4108598912602199
2016-11-14,0.3573397225419985,0.8120011526157577,-0.4546614300737592
2016-11-15,0.3576611353630002,0.8096602193965258,-0.45199908403352557
2016-11-16,0.199508037333443,0.8206598883967966,-0.6211518510633536
2016-11-17,0.20059314179619753,0.821022397045777,-0.6204292552495794
2016-11-18,0.1811324892845107,0.8181850167739891,-0.6370525274894785
2016-11-21,0.1677335047630426,0.8166139281691178,-0.6488804234060752
2016-11-22,0.16282808716070693,0.8158108808843202,-0.6529827937236132
2016-11-23,0.16381061299117697,0.815115128954448,-0.6513045159632711
2016-11-25,0.1580325024835231,0.8096464601821647,-0.6516139576986416
2016-11-28,0.14971464440411442,0.8024677468771803,-0.6527531024730658
2016-11-29,0.16244283200021803,0.8000263144238886,-0.6375834824236706
2016-11-30,0.1653642670390649,0.7903709999276793,-0.6250067328886144
2016-12-01,0.07197046893128481,0.765361472802572,-0.6933910038712873
2016-12-02,0.0785752554248649,0.7671353055253305,-0.6885600501004656
2016-12-05,0.0768864338908991,0.7697744765115276,-0.6928880426206285
2016-12-06,0.07061102779183245,0.7700972785547353,-0.6994862507629028
2016-12-07,0.06893839190391611,0.7703174093882426,-0.7013790174843264
2016-12-08,0.1138593210598366,0.7669058033356917,-0.653046482275855
2016-12-09,0.1154341035192802,0.7658389327502743,-0.6504048292309941
2016-12-12,0.11119266636382658,0.7704999955995089,-0.6593073292356824
2016-12-13,0.14153855487744427,0.7740385471218261,-0.6324999922443818
2016-12-14,0.11625106213994732,0.7757615626824697,-0.6595105005425224
2016-12-15,0.10812814020278778,0.7677519870015689,-0.659623846798781
2016-12-16,0.007276526551307062,0.7496212615896323,-0.7423447350383252
2016-12-19,0.0027494045820652393,0.7500069824929418,-0.7472575779108767
2016-12-20,-0.0027534351395436247,0.7476308827552117,-0.7503843178947553
2016-12-21,-0.017023372163814804,0.7458184275504173,-0.762841799714232
2016-12-22,-0.02019057833553361,0.7408218900233008,-0.7610124683588344
2016-12-23,-0.03119571321467121,0.74074914012915,-0.7719448533438212
2016-12-27,-0.04336391956660986,0.7374347682805713,-0.7807986878471812
2016-12-28,-0.10918203866850447,0.7447824833199539,-0.8539645219884584
2016-12-29,-0.07452181301793927,0.7515778638836328,-0.826099676901572
2016-12-30,-0.03526559273543859,0.6855355711793069,-0.7208011639147455
2017-01-03,-0.016356494961754613,0.6882531348527798,-0.7046096298145345
2017-01-04,-0.1034995789319017,0.6909006109142628,-0.7944001898461646
2017-01-05,-0.10538237907810728,0.6935450217076119,-0.7989274007857192
2017-01-06,-0.08947474524264086,0.6919903214446664,-0.7814650666873073
2017-01-09,-0.09661446279474359,0.6917085560979265,-0.7883230188926701
2017-01-10,-0.10621663742495853,0.6890782352118701,-0.7952948726368286
2017-01-11,-0.09093910637126609,0.6936412880871845,-0.7845803944584506
2017-01-12,-0.08726614183411166,0.6916480760802393,-0.7789142179143509
2017-01-13,-0.08649700034068016,0.6921420141532798,-0.77863901449396
2017-01-17,-0.07859967095939116,0.6893649139361644,-0.7679645848955555
2017-01-18,-0.053539977305586496,0.7026492523407917,-0.7561892296463781
2017-01-19,-0.06769622682780382,0.7019354201318667,-0.7696316469596706
2017-01-20,-0.07480499590423165,0.7015580030899983,-0.7763629989942299
2017-01-23,-0.05751457992161829,0.7033861901194648,-0.760900770041083
2017-01-24,-0.09172314766688572,0.7015133919671606,-0.7932365396340463
2017-01-25,-0.10376152388209087,0.7001958963638575,-0.8039574202459483
2017-01-26,-0.07711958784052929,0.7012730967467156,-0.7783926845872449
2017-01-27,-0.11265759672933622,0.7018529174482249,-0.814510514177561
2017-01-30,-0.07177695911175108,0.6985117389746447,-0.7702886980863958
2017-01-31,-0.055897779749038694,0.6932103871168271,-0.7491081668658658
2017-02-01,-0.08544424914510604,0.706215565623535,-0.7916598147686411
2017-02-02,-0.12139719062501492,0.7172910857961186,-0.8386882764211334
2017-02-03,-0.10074462069692675,0.7110756842101172,-0.811820304907044
2017-02-06,-0.14997189628115987,0.7172415182329313,-0.8672134145140911
2017-02-07,-0.11746893886009462,0.7288753012123824,-0.846344240072477
2017-02-08,-0.10156167879882663,0.7292654052757299,-0.8308270840745565
2017-02-09,0.00501986223384524,0.7630415935441545,-0.7580217313103093
2017-02-10,-0.0067533620033518385,0.7294751591653785,-0.7362285211687304
2017-02-13,0.011524871073717292,0.7242434350578629,-0.7127185639841457
2017-02-14,-0.07848363060035393,0.7224815596722144,-0.8009651902725683
2017-02-15,-0.07390188632452142,0.7211171158617945,-0.7950190021863159
2017-02-16,-0.06420004325114685,0.7183765311538544,-0.7825765744050012
2017-02-17,-0.07960123070673174,0.7167946224357243,-0.7963958531424561
2017-02-21,-0.11824460574934069,0.7208239444348585,-0.8390685501841992
2017-02-22,-0.03933008900847382,0.7213832925516384,-0.7607133815601121
2017-02-23,-0.08075816164051335,0.7060969121210549,-0.7868550737615682
2017-02-24,-0.08257630576548693,0.7205667815738829,-0.8031430873393698
2017-02-27,-0.06887778000250977,0.7219981258755351,-0.7908759058780449
2017-02-28,-0.02488549986554811,0.7277071721514665,-0.7525926720170146
2017-03-01,-0.0992921369272482,0.7291606799701074,-0.8284528168973555
2017-03-02,-0.04871176750467501,0.7270058830690747,-0.7757176505737496
2017-03-03,0.08555526668300113,0.7427820647222819,-0.6572267980392807
2017-03-06,0.04391466642605713,0.7437818907928434,-0.6998672243667863
2017-03-07,0.04763661850465949,0.7467223010731275,-0.699085682568468
2017-03-08,0.02093315916695861,0.7639006261133734,-0.7429674669464148
2017-03-09,0.07162197077334861,0.7672826559906313,-0.6956606852172826
2017-03-10,0.06164613031728436,0.7678261278517193,-0.7061799975344349
2017-03-13,0.060153182508072355,0.7685741063806764,-0.708420923872604
2017-03-14,0.06952981784005371,0.7664904826368645,-0.6969606647968107
2017-03-15,0.1152744774509072,0.780345455096534,-0.6650709776456267
2017-03-16,0.4337809421674748,0.793428782643808,-0.3596478404763332
2017-03-17,0.42194159781172375,0.789579298676925,-0.36763770086520126
2017-03-20,0.4224962475968866,0.8014511385577588,-0.37895489096087226
2017-03-21,0.4191384029455442,0.8187487476446157,-0.3996103446990715
2017-03-22,0.4702278186605325,0.82082721474937,-0.35059939608883756
2017-03-23,0.45211218060111186,0.8197699400030393,-0.3676577594019274
2017-03-24,0.45784441022683137,0.8225861610417697,-0.36474175081493837
2017-03-27,0.44484087977121456,0.8199719908372732,-0.3751311110660587
2017-03-28,0.4653503741114919,0.8153571123679971,-0.35000673825650525
2017-03-29,0.4864815620124885,0.8180748563939043,-0.3315932943814158
2017-03-30,0.5127860286165303,0.8136732066717286,-0.30088717805519827
2017-03-31,0.5086358194922855,0.8134691352217287,-0.30483331572944317
2017-04-03,0.5157292890990548,0.8132098668642886,-0.29748057776523384
2017-04-04,0.5224200205407514,0.8123661569815057,-0.2899461364407543
2017-04-05,0.5180008271212031,0.8100991405418123,-0.2920983134206092
2017-04-06,0.5111217019921548,0.8155283500720563,-0.3044066480799015
2017-04-07,0.4910057000970152,0.8166986442845652,-0.32569294418754996
2017-04-10,0.45558912322362843,0.8011115122405855,-0.3455223890169571
2017-04-11,0.4510031997573285,0.801586750558953,-0.3505835508016245
2017-04-12,0.4879901556722163,0.8107881854237363,-0.32279802975152
2017-04-13,0.49501516145371277,0.7999943283470186,-0.3049791668933058
2017-04-17,0.3913310339497261,0.8016601397684606,-0.4103291058187345
2017-04-18,0.388018099231612,0.8028924418218155,-0.4148743425902035
2017-04-19,0.3877723271401598,0.7916852719725344,-0.40391294483237455
2017-04-20,0.46226839358774197,0.7941120703650788,-0.33184367677733684
2017-04-21,0.4636293329690182,0.787672629663535,-0.3240432966945168
2017-04-24,0.45465607580196776,0.784117018673146,-0.3294609428711782
2017-04-25,0.4436281329092869,0.7746136889244901,-0.33098555601520324
2017-04-26,0.49052381171232917,0.8001936992261758,-0.3096698875138466
2017-04-27,0.4929779725496126,0.789056284453878,-0.29607831190426537
2017-04-28,0.29046419206254587,0.7730710047900345,-0.4826068127274887
2017-05-01,0.28436477112869973,0.7700057920300517,-0.48564102090135197
2017-05-02,0.2888213729212639,0.7887681286766812,-0.4999467557554173
2017-05-03,0.3052191432827269,0.7888052002196045,-0.4835860569368776
2017-05-04,0.2414544062734289,0.79518960831891,-0.5537352020454811
2017-05-05,0.24361562730576838,0.7963016830863141,-0.5526860557805457
2017-05-08,0.23554115240294202,0.7975662845569108,-0.5620251321539688
2017-05-09,0.24857864686004738,0.8012577768926012,-0.5526791300325539
2017-05-10,0.16008166673748359,0.8092095803666959,-0.6491279136292123
2017-05-11,0.17578807590907713,0.8075417276097645,-0.6317536517006874
2017-05-12,0.1452553889734327,0.8113299081849848,-0.6660745192115521
2017-05-15,0.15807059192830328,0.8119355977282312,-0.6538650057999279
2017-05-16,0.12498870538676697,0.8075709567467367,-0.6825822513599697
2017-05-17,0.13377005155260277,0.808403027197474,-0.6746329756448712
2017-05-18,0.13587241085832907,0.7777879246920792,-0.6419155138337502
2017-05-19,0.18231948115512905,0.7851878598627234,-0.6028683787075944
2017-05-22,0.17627202598315156,0.7834458051740282,-0.6071737791908767
2017-05-23,0.13076745185001543,0.7762144268423921,-0.6454469749923766
2017-05-24,0.12114942249562495,0.7734401860807214,-0.6522907635850964
2017-05-25,0.13041465302463262,0.7761265253844761,-0.6457118723598435
2017-05-26,0.1601114138516223,0.7796973337615173,-0.619585919909895
2017-05-30,0.2213118540347612,0.7729940884444619,-0.5516822344097008
2017-05-31,0.21339883910945345,0.7756269822775038,-0.5622281431680504
2017-06-01,0.21046409242809982,0.765486508196381,-0.5550224157682812
2017-06-02,0.167310212270504,0.7569291221505008,-0.5896189098799968
2017-06-05,0.15016589286681947,0.7560730052484954,-0.6059071123816759
2017-06-06,0.12512072077212255,0.7522683058102313,-0.6271475850381087
2017-06-07,0.10596951379327735,0.7529946235645388,-0.6470251097712615
2017-06-08,0.12872686977523193,0.7564302901918516,-0.6277034204166196
2017-06-09,0.1841707801896213,0.760238648870373,-0.5760678686807517
2017-06-12,0.25843767836579573,0.7356059329594793,-0.47716825459368356
2017-06-13,0.250755894809764,0.7324868438445816,-0.4817309490348176
2017-06-14,0.2756157458811417,0.7295336677503148,-0.4539179218691731
2017-06-15,0.2786387789654389,0.7232513431381118,-0.44461256417267286
2017-06-16,0.33763310635912414,0.7212149772172822,-0.3835818708581581
2017-06-19,0.35222533580408505,0.7195495586466578,-0.36732422284257277
2017-06-20,0.3411911889098959,0.7287606612298758,-0.3875694723199799
2017-06-21,0.3580098445231416,0.7302529793071787,-0.3722431347840371
2017-06-22,0.3925095031217853,0.7291803131848507,-0.3366708100630654
2017-06-23,0.4008030215726008,0.7373603209618405,-0.3365572993892397
2017-06-26,0.40960421391073043,0.7390832413514009,-0.3294790274406705
2017-06-27,0.39363546633077207,0.7389858348388147,-0.3453503685080427
2017-06-28,0.3958759514847251,0.7409544037089975,-0.34507845222427236
2017-06-29,0.3910508067659215,0.7396601255470115,-0.34860931878109
2017-06-30,0.3442996215155522,0.742121751723106,-0.3978221302075538
2017-07-03,0.3515629623112019,0.7410205175129146,-0.38945755520171277
2017-07-05,0.32283385511440965,0.7682130824284007,-0.44537922731399104
2017-07-06,0.32534384743329514,0.7752118078497336,-0.4498679604164385
2017-07-07,0.340885231368591,0.7752228767759741,-0.4343376454073831
2017-07-10,0.2718004697074183,0.7640510941577996,-0.4922506244503813
2017-07-11,0.2579255928790323,0.7581159679827084,-0.5001903751036761
2017-07-12,0.2470848838752362,0.751851167232056,-0.5047662833568198
2017-07-13,0.2643386514352832,0.7533125902898208,-0.4889739388545376
2017-07-14,0.24407374085756386,0.7593893743922275,-0.5153156335346637
2017-07-17,0.2649959194321313,0.7673265291011981,-0.5023306096690668
2017-07-18,0.30763828804330795,0.7760578349973346,-0.46841954695402666
2017-07-19,0.3290215133110561,0.7837061071719466,-0.45468459386089044
2017-07-20,0.3441744269290952,0.788792641370435,-0.4446182144413398
2017-07-21,0.3272205008029156,0.7801732790098848,-0.45295277820696916
2017-07-24,0.28814121709007207,0.7997304161780509,-0.5115891990879788
2017-07-25,0.24576076736235686,0.7993016324222111,-0.5535408650598542
2017-07-26,0.24609938922416813,0.802179349440464,-0.5560799602162958
2017-07-27,0.2164986946874499,0.7983638515132846,-0.5818651568258347
2017-07-28,0.23746073052457856,0.7986051190364146,-0.5611443885118361
2017-07-31,0.20481119220652994,0.7837428221184882,-0.5789316299119582
2017-08-01,0.16423033576247373,0.7778380515862439,-0.6136077158237702
2017-08-02,0.18306144629778742,0.7766037873220005,-0.5935423410242131
2017-08-03,0.1923623961075471,0.7761299811441478,-0.5837675850366006
2017-08-04,0.1609985883149252,0.773786388015741,-0.6127877997008158
2017-08-07,0.15354569235811508,0.7829299581171193,-0.6293842657590042
2017-08-08,0.13709887877330854,0.7818636169140396,-0.6447647381407311
2017-08-09,0.1194807811375287,0.7767441488545119,-0.6572633677169832
2017-08-10,0.1908652955156553,0.7940207691342778,-0.6031554736186224
2017-08-11,0.21191708390066016,0.797363685414172,-0.5854466015135118
2017-08-14,0.2404586620146691,0.8349287141175373,-0.5944700521028683
2017-08-15,0.2214809222008548,0.8207462889242957,-0.5992653667234409
2017-08-16,0.41862291691554754,0.8236960999236718,-0.4050731830081242
2017-08-17,0.4189131547271926,0.826608184478668,-0.4076950297514754
2017-08-18,0.4077850748371719,0.821668612529068,-0.41388353769189606
2017-08-21,0.47197104432941744,0.8201247788177473,-0.3481537344883298
2017-08-22,0.46942119799592136,0.8159171615011214,-0.3464959635052
2017-08-23,0.42422849383135147,0.8078974476968447,-0.3836689538654932
2017-08-24,0.422729180435965,0.8172138787933001,-0.3944846983573351
2017-08-25,0.4430072137237965,0.8270199289770858,-0.3840127152532893
2017-08-28,0.44541495992246827,0.8278931378759707,-0.3824781779535025
2017-08-29,0.4900277412722638,0.8385253106256072,-0.3484975693533434
2017-08-30,0.4561557894858853,0.8390636241577664,-0.38290783467188105
2017-08-31,0.4604797996805606,0.843681127197176,-0.38320132751661545
2017-09-01,0.47830983175409286,0.8427907579970598,-0.36448092624296696
2017-09-05,0.4901753946005638,0.8408220499707868,-0.350646655370223
2017-09-06,0.47815323884835104,0.8366647425940321,-0.3585115037456811
2017-09-07,0.47157659533450774,0.8390895458300353,-0.3675129504955275
2017-09-08,0.5011360184350513,0.8451072608686638,-0.34397124243361255
2017-09-11,0.5005713199340642,0.8521439493736545,-0.3515726294395902
2017-09-12,0.470045941234739,0.8529255063719404,-0.38287956513720145
2017-09-13,0.478390258529263,0.8543619766901751,-0.3759717181609121
2017-09-14,0.4675917091169171,0.851348504375262,-0.3837567952583449
2017-09-15,0.45507494823901323,0.8491110715690481,-0.39403612333003485
2017-09-18,0.4520076062389985,0.8548689396687934,-0.4028613334297949
2017-09-19,0.5513600260020833,0.861485693782166,-0.31012566778008266
2017-09-20,0.5646489043013694,0.8606567334406127,-0.2960078291392433
2017-09-21,0.5431743282822219,0.8654974724704276,-0.32232314418820573
2017-09-22,0.45725214326076746,0.8663398582770637,-0.40908771501629626
2017-09-25,0.45735339378755696,0.8675781917756112,-0.4102247979880543
2017-09-26,0.44849080486631404,0.8654921278292231,-0.4170013229629091
2017-09-27,0.4971601133091684,0.8725004962455257,-0.3753403829363573
2017-09-28,0.4099053599086825,0.8524854279983983,-0.44258006808971584
2017-09-29,0.4686738596044201,0.8632894777471998,-0.3946156181427797
2017-10-02,0.48446268581668056,0.865241473998946,-0.38077878818226546
2017-10-03,0.48778765476852637,0.8591170606098698,-0.37132940584134344
2017-10-04,0.4898812098809248,0.8598310024740964,-0.36994979259317157
2017-10-05,0.4750765433905442,0.8626740134416985,-0.38759747005115425
2017-10-06,0.46338992172600346,0.8571540397830896,-0.3937641180570861
2017-10-09,0.44287271015497165,0.8618279669128527,-0.41895525675788103
2017-10-10,0.43113552248187154,0.8606585994260827,-0.42952307694421116
2017-10-11,0.44919957337398875,0.8593392325204657,-0.410139659146477
2017-10-12,0.41528308663870733,0.8576546643388365,-0.4423715777001292
2017-10-13,0.41396881764490784,0.8578739897862724,-0.44390517214136455
2017-10-16,0.46934451905633134,0.8593185492552613,-0.38997403019892996
2017-10-17,0.43207696955310815,0.8592804238714584,-0.4272034543183503
2017-10-18,0.4280665925851224,0.8619790348547266,-0.4339124422696042
2017-10-19,0.4550985552253618,0.8634529527785079,-0.40835439755314606
2017-10-20,0.4314629989739089,0.8629978982510577,-0.4315348992771488
2017-10-23,0.4678695697664594,0.866019943428368,-0.3981503736619086
2017-10-24,0.4337906190594589,0.8652908163691326,-0.4315001973096737
2017-10-25,0.4254116419414705,0.8675787528099473,-0.4421671108684768
2017-10-26,0.429958968661798,0.8693114762484271,-0.4393525075866291
2017-10-27,0.4157979873993312,0.8718882763091248,-0.4560902889097936
2017-10-30,0.43094999056663574,0.8712400330950372,-0.4402900425284014
2017-10-31,0.30748045062797785,0.8710776369285267,-0.5635971863005489
2017-11-01,0.3304743110727154,0.8718947484798467,-0.5414204374071313
2017-11-02,0.2894873673159174,0.8579204464199985,-0.5684330791040811
2017-11-03,0.3682958624496369,0.8496624319258947,-0.48136656947625783
2017-11-06,0.33289498861797645,0.8441503368777836,-0.5112553482598072
2017-11-07,0.3961860790725425,0.8523394750486009,-0.45615339597605836
2017-11-08,0.43898641729248405,0.8524041246498815,-0.4134177073573974
2017-11-09,0.4179846045995563,0.8542108933111173,-0.43622628871156105
2017-11-10,0.381158865820482,0.8586942720148428,-0.47753540619436086
2017-11-13,0.37442198752660316,0.8662930354276522,-0.4918710479010491
2017-11-14,0.35910176798330407,0.8638936575497868,-0.5047918895664827
2017-11-15,0.37519531982966214,0.8675852865461902,-0.492389966716528
2017-11-16,0.34643485972056726,0.8710495782393496,-0.5246147185187824
2017-11-17,0.34679003112313433,0.8681799720304558,-0.5213899409073215
2017-11-20,0.3945422066975645,0.8690678060122311,-0.4745255993146666
2017-11-21,0.37935859601465527,0.8767957360839842,-0.49743714006932893
2017-11-22,0.33986927582162174,0.8639074188142045,-0.5240381429925828
2017-11-24,0.36242727733838576,0.8659403136716813,-0.5035130363332956
2017-11-27,0.3742255372004004,0.8668655125631861,-0.4926399753627857
2017-11-28,0.331050518872337,0.8631788700945219,-0.5321283512221848
2017-11-29,0.356442998923156,0.8528212791602853,-0.49637828023712927
2017-11-30,0.41927925806515115,0.8508761265738718,-0.43159686850872064
2017-12-01,0.4175060122858939,0.8539633014727823,-0.4364572891868884
2017-12-04,0.3764236601481155,0.8463380331207305,-0.469914372972615
2017-12-05,0.38942600782714926,0.847199744019061,-0.4577737361919117
2017-12-06,0.3963408181387943,0.8480639391674066,-0.45172312102861234
2017-12-07,0.41316833334929987,0.8457559147883581,-0.43258758143905823
2017-12-08,0.4225379114413166,0.8496463592356229,-0.42710844779430635
2017-12-11,0.4061633651393927,0.8493319430733236,-0.4431685779339309
2017-12-12,0.417758326705288,0.84880639392574,-0.43104806722045197
2017-12-13,0.43119253446495964,0.8438893314962911,-0.41269679703133144
2017-12-14,0.4370361866756299,0.8500300474824413,-0.4129938608068114
2017-12-15,0.44322185073059156,0.8463234442706618,-0.4031015935400702
2017-12-18,0.4419550504678445,0.8434359698790715,-0.40148091941122704
2017-12-19,0.4316019261783375,0.8464729669260602,-0.41487104074772274
2017-12-20,0.38854161672209825,0.8456591077791714,-0.45711749105707317
2017-12-21,0.31491168578145484,0.8361952743065953,-0.5212835885251406
2017-12-22,0.3197903254435063,0.8432062441517885,-0.5234159187082822
2017-12-26,0.33667433014843495,0.8458778991312597,-0.5092035689828247
2017-12-27,0.28447581890512896,0.8476809509320623,-0.5632051320269333
2017-12-28,0.2986413986095259,0.8519676960065751,-0.5533262973970492
2017-12-29,0.298476353628261,0.8543032510794365,-0.5558268974511755
2018-01-02,0.29452368839280685,0.8575380423734089,-0.5630143539806021
2018-01-03,0.3208080723238037,0.8671988037121313,-0.5463907313883276
2018-01-04,0.2846393386224847,0.8657961786520548,-0.5811568400295701
2018-01-05,0.31440806011584654,0.8622115777402292,-0.5478035176243826
2018-01-08,0.2909229367355818,0.8625115987445844,-0.5715886620090026
2018-01-09,0.25942010547199923,0.8611116461785023,-0.6016915407065031
2018-01-10,0.29948028416720673,0.8624795462636439,-0.5629992620964371
2018-01-11,0.2891907229396244,0.8590152760990872,-0.5698245531594628
2018-01-12,0.2631922060003201,0.854224063118398,-0.5910318571180779
2018-01-16,0.17544126115886174,0.8586971203444881,-0.6832558591856264
2018-01-17,0.1855815235902294,0.8600647301138358,-0.6744832065236064
2018-01-18,0.19395990217697331,0.8615804579325581,-0.6676205557555848
2018-01-19,0.13806467063101485,0.8587458759202955,-0.7206812052892806
2018-01-22,0.17614711303515657,0.859601390633989,-0.6834542775988324
2018-01-23,0.11658508755179539,0.8575817314462847,-0.7409966438944893
2018-01-24,0.1752820262185039,0.8562017111356984,-0.6809196849171946
2018-01-25,0.20530729970406755,0.862535826148949,-0.6572285264448814
2018-01-26,0.25169298002225915,0.8674899829636139,-0.6157970029413548
2018-01-29,0.26889963888754903,0.8654689230490998,-0.5965692841615509
2018-01-30,0.21900914324758372,0.8671738060977656,-0.6481646628501819
2018-01-31,0.2639226845791322,0.8887732511920461,-0.6248505666129138
2018-02-01,0.30647406634463153,0.8907896118595764,-0.5843155455149449
2018-02-02,0.2825173874092111,0.881894760786187,-0.5993773733769758
2018-02-05,0.32276256075504023,0.8878760604636843,-0.565113499708644
2018-02-06,0.2951191782486157,0.8899478455293014,-0.5948286672806857
2018-02-07,0.2933716906748624,0.8780731886830595,-0.584701498008197
2018-02-08,0.23798212795033258,0.8798793509772179,-0.6418972230268853
2018-02-09,0.26396891386148263,0.8825625094765023,-0.6185935956150197
2018-02-12,0.23024353330912262,0.8862732668757846,-0.6560297335666619
2018-02-13,0.24370476109989694,0.8869715314364381,-0.6432667703365412
2018-02-14,0.23577806174078378,0.8855601757041395,-0.6497821139633557
2018-02-15,0.3354672523909163,0.8917018819102915,-0.5562346295193752
2018-02-16,0.3460186029881582,0.8915022635905555,-0.5454836606023974
2018-02-20,0.3521347908297355,0.885087312686421,-0.5329525218566855
2018-02-21,0.36480711644370845,0.8789190829823831,-0.5141119665386746
2018-02-22,0.3217391120894081,0.871633836833504,-0.549894724744096
2018-02-23,0.3108748537656668,0.8723619357888617,-0.5614870820231949
2018-02-26,0.31583519289265083,0.8736631386643735,-0.5578279457717227
2018-02-27,0.3187442084130496,0.8802322204818667,-0.561488012068817
2018-02-28,0.3482140811360798,0.88063097053054,-0.5324168893944601
2018-03-01,0.32866343624305056,0.8805699712797967,-0.5519065350367462
2018-03-02,0.29638273454971387,0.8751495470231552,-0.5787668124734413
2018-03-05,0.30231705799203823,0.8714218873141547,-0.5691048293221165
2018-03-06,0.3041144373154251,0.8681840259301591,-0.564069588614734
2018-03-07,0.34572077708849724,0.874350436470435,-0.5286296593819377
2018-03-08,0.3424912631026347,0.8742274490062599,-0.5317361859036251
2018-03-09,0.3576335515017469,0.8750050371104054,-0.5173714856086585
2018-03-12,0.2910655104070034,0.8724031567985336,-0.5813376463915303
2018-03-13,0.2944585428158957,0.8724813638722875,-0.5780228210563918
2018-03-14,0.2937647369436081,0.8692331827356427,-0.5754684457920345
2018-03-15,0.2714566124397635,0.8692251374123162,-0.5977685249725527
2018-03-16,0.24384027262477742,0.8739570241330833,-0.6301167515083059
2018-03-19,0.2376810019848741,0.87407291899263,-0.6363919170077559
2018-03-20,0.20087819299594586,0.8735623807168397,-0.6726841877208938
2018-03-21,0.19677301067451958,0.8747362382627731,-0.6779632275882536
2018-03-22,0.19295513918103877,0.8863271168187712,-0.6933719776377324
2018-03-23,0.2609801597147329,0.8855237053713205,-0.6245435456565877
2018-03-26,0.2567360175329114,0.8791400565235606,-0.6224040389906492
2018-03-27,0.2536636094391479,0.8804041729425943,-0.6267405635034464
2018-03-28,0.21162727928279504,0.8813006507982546,-0.6696733715154596
2018-03-29,0.21387763708393345,0.8794654144428569,-0.6655877773589234
2018-04-02,0.1190285679092015,0.8750992028763632,-0.7560706349671618
2018-04-03,0.13439683386777274,0.8803608334061975,-0.7459639995384248
2018-04-04,0.16615573838167705,0.8828467809892336,-0.7166910426075566
2018-04-05,0.16076668786969153,0.8807720966070688,-0.7200054087373773
2018-04-06,0.14077863233594443,0.8691011542515112,-0.7283225219155668
2018-04-09,0.14484231088880598,0.8644349543268695,-0.7195926434380635
2018-04-10,0.13335935448817937,0.8650994430644341,-0.7317400885762547
2018-04-11,0.17015567946151847,0.866844377203918,-0.6966886977423996
2018-04-12,0.16350697151728277,0.859253553960908,-0.6957465824436252
2018-04-13,0.20917619934709816,0.8594438419454226,-0.6502676425983244
2018-04-16,0.1834875106552168,0.8589186781567284,-0.6754311675015117
2018-04-17,0.17793481534233677,0.8587020100484697,-0.6807671947061329
2018-04-18,0.17040022294872964,0.8571810320756379,-0.6867808091269083
2018-04-19,0.2019813927209985,0.8284472353710486,-0.6264658426500501
2018-04-20,0.2384952553160803,0.8258083453337061,-0.5873130900176258
2018-04-23,0.2497198630655804,0.8183663252186916,-0.5686464621531112
2018-04-24,0.22153390473131207,0.8101521822268885,-0.5886182774955764
2018-04-25,0.2365602575448891,0.8123931421212114,-0.5758328845763223
2018-04-26,0.21862256915508874,0.8124661467179926,-0.5938435775629038
2018-04-27,0.2304743843595516,0.8119292975461273,-0.5814549131865757
2018-04-30,0.2252586164488778,0.8053897765669549,-0.5801311601180771
2018-05-01,0.26757046220999875,0.8164853530371102,-0.5489148908271115
2018-05-02,0.2737874740681425,0.814989862604195,-0.5412023885360525
2018-05-03,0.26190344227212975,0.804259518285432,-0.5423560760133022
2018-05-04,0.3295176506981419,0.8073103569211482,-0.4777927062230063
2018-05-07,0.2798040546589315,0.8088210680826249,-0.5290170134236933
2018-05-08,0.26552196726891353,0.8083749197112875,-0.542852952442374
2018-05-09,0.28799802904243693,0.8082331711066729,-0.5202351420642359
2018-05-10,0.29996889631833595,0.8052531691523792,-0.5052842728340432
2018-05-11,0.2935948977221613,0.8105220324870853,-0.516927134764924
2018-05-14,0.2708555472249301,0.7986863283049209,-0.5278307810799908
2018-05-15,0.23337220362683442,0.8001582093048186,-0.5667860056779842
2018-05-16,0.2984528097218103,0.8073257398300906,-0.5088729301082803
2018-05-17,0.26782803340138617,0.8000566428799585,-0.5322286094785723
2018-05-18,0.2745414085902192,0.8029106110557015,-0.5283692024654822
2018-05-21,0.2499104938652986,0.8005954401328461,-0.5506849462675475
2018-05-22,0.25844275336281547,0.800984417262395,-0.5425416638995795
2018-05-23,0.2693422557474215,0.7995837138444485,-0.5302414580970269
2018-05-24,0.266151681215272,0.78825480526154,-0.522103124046268
2018-05-25,0.23158512495917438,0.7942510426534187,-0.5626659176942443
2018-05-29,0.22419826994443806,0.7989399279176853,-0.5747416579732473
2018-05-30,0.188661800453242,0.8000374662056164,-0.6113756657523745
2018-05-31,0.233210458678984,0.7993860584407486,-0.5661755997617646
2018-06-01,0.14010387919678216,0.787340293009327,-0.6472364138125448
2018-06-04,0.11075879231904578,0.7818528666953964,-0.6710940743763507
2018-06-05,0.09349149617896046,0.7833107683626038,-0.6898192721836434
2018-06-06,0.07799821624691135,0.7845733589848152,-0.7065751427379038
2018-06-07,0.08346669153729121,0.7779628903894171,-0.6944961988521259
2018-06-08,0.07001979605863198,0.7788426880111735,-0.7088228919525416
2018-06-11,0.1379294785069785,0.7791335371142095,-0.641204058607231
2018-06-12,0.06442564442396118,0.7731949070036793,-0.7087692625797182
2018-06-13,0.05944295268887108,0.7736460102192566,-0.7142030575303855
2018-06-14,0.14049527364503833,0.7740229635164341,-0.6335276898713957
2018-06-15,0.13615340024012543,0.7720491408683179,-0.6358957406281924
2018-06-18,0.19459386728676692,0.7803657609988435,-0.5857718937120766
2018-06-19,0.22602319309301644,0.7810949018041352,-0.5550717087111188
2018-06-20,0.2274902091259928,0.7860920600745464,-0.5586018509485535
2018-06-21,0.21540277579815664,0.7809704297452497,-0.5655676539470931
2018-06-22,0.19983671922854102,0.7771294136981507,-0.5772926944696097
2018-06-25,0.25498315035526514,0.7733803336701354,-0.5183971833148702
2018-06-26,0.2777799713075472,0.7744378288973397,-0.4966578575897925
2018-06-27,0.3134238665819546,0.7624212512616569,-0.44899738467970235
2018-06-28,0.29229614521174396,0.7599319883134917,-0.4676358431017478
2018-06-29,0.3078101523066148,0.76705419446141,-0.4592440421547952
2018-07-02,0.2993715822621418,0.7811910376121488,-0.48181945535000703
2018-07-03,0.32591199322387815,0.801180009423606,-0.47526801619972786
2018-07-05,0.30420392049645567,0.7933827802758171,-0.48917885977936143
2018-07-06,0.30821366700981684,0.7935187540672246,-0.48530508705740777
2018-07-09,0.32067645755679286,0.800230045978024,-0.4795535884212312
2018-07-10,0.38016709248110275,0.801705493341876,-0.42153840086077327
2018-07-11,0.37469204256271527,0.7974049560358074,-0.42271291347309214
2018-07-12,0.4133435989478391,0.8074276613750441,-0.39408406242720495
2018-07-13,0.42563961836026176,0.8102655805809642,-0.38462596222070244
2018-07-16,0.45911173994206256,0.8393904007974843,-0.3802786608554217
2018-07-17,0.45875505048204396,0.8435228087290569,-0.384767758247013
2018-07-18,0.4703732373047313,0.8449827973498523,-0.37460956004512097
2018-07-19,0.5437854238649431,0.8537468019452388,-0.30996137808029567
2018-07-20,0.48690224745481103,0.849251361411188,-0.3623491139563769
2018-07-23,0.505420193173622,0.852461932906384,-0.347041739732762
2018-07-24,0.5035733605951893,0.8546346983207574,-0.35106133772556813
2018-07-25,0.5115181160856114,0.859908941317593,-0.3483908252319816
2018-07-26,0.5017799681124309,0.8574226592869023,-0.35564269117447145
2018-07-27,0.5175903318137771,0.859596790172962,-0.34200645835918486
2018-07-30,0.5030368007678899,0.8701303640828947,-0.36709356331500476
2018-07-31,0.47259069083277666,0.8737374791372284,-0.4011467883044518
2018-08-01,0.46635354059040524,0.8716731718501943,-0.4053196312597891
2018-08-02,0.47974682877583436,0.8737618857564422,-0.39401505698060785
2018-08-03,0.47200365666622074,0.8724130692015998,-0.40040941253537904
2018-08-06,0.4823030327858156,0.874443639558219,-0.3921406067724034
2018-08-07,0.4308632489921124,0.8697194182614816,-0.43885616926936916
2018-08-08,0.42647740326131844,0.8695987973840849,-0.4431213941227664
2018-08-09,0.42511368777271713,0.8704540405901248,-0.44534035281740764
2018-08-10,0.3465016474134612,0.8762044685565957,-0.5297028211431345
2018-08-13,0.33620172486310157,0.8751663701739274,-0.5389646453108259
2018-08-14,0.3423388844598693,0.8854888887429738,-0.5431500042831046
2018-08-15,0.32036072052205034,0.8855834311923549,-0.5652227106703046
2018-08-16,0.2660122920455334,0.8960269424233319,-0.6300146503777986
2018-08-17,0.2487724076501106,0.8818357181040818,-0.6330633104539711
2018-08-20,0.2957720936539725,0.8863670051494963,-0.5905949114955238
2018-08-21,0.21003896052650195,0.8716758058349855,-0.6616368453084835
2018-08-22,0.19481272400556615,0.871086654825435,-0.6762739308198689
2018-08-23,0.16996881256611274,0.8717924639088238,-0.7018236513427111
2018-08-24,0.14088806119386119,0.8756704233529313,-0.7347823621590701
2018-08-27,0.12897714307756417,0.8776399230383127,-0.7486627799607486
2018-08-28,0.141094237383698,0.8814839649758661,-0.7403897275921681
2018-08-29,0.1550146946038025,0.8828034441241902,-0.7277887495203877
2018-08-30,0.14078212875196858,0.8805944033541782,-0.7398122746022096
2018-08-31,0.18535941734877995,0.8863769718954698,-0.7010175545466899
2018-09-04,0.13621489125571712,0.8863902112020193,-0.7501753199463022
2018-09-05,0.16660338772036895,0.8742608605386772,-0.7076574728183083
2018-09-06,0.16355247874631923,0.8761680471484834,-0.7126155684021642
2018-09-07,0.15843903833737202,0.8742703134794321,-0.71583127514206
2018-09-10,0.1661936676945147,0.8736376664946077,-0.707443998800093
2018-09-11,0.19816908065917824,0.8735094301504582,-0.67534034949128
2018-09-12,0.15387961582844767,0.8576417059570732,-0.7037620901286256
2018-09-13,0.17942486229286903,0.8595407429660085,-0.6801158806731394
2018-09-14,0.16857061943739063,0.859565433612541,-0.6909948141751504
2018-09-17,0.16887718978742464,0.8638190213767325,-0.6949418315893079
2018-09-18,0.1900064111469439,0.8671498696392602,-0.6771434584923164
2018-09-19,0.1840705171944266,0.8672107148912797,-0.6831401976968531
2018-09-20,0.20674527729958644,0.8681785024007163,-0.6614332251011298
2018-09-21,0.21683542844272966,0.8724213324499674,-0.6555859040072378
2018-09-24,0.20334900537758688,0.8615421618461139,-0.658193156468527
2018-09-25,0.19036809616903394,0.8617762480284786,-0.6714081518594447
2018-09-26,0.17928727984578358,0.853427646237184,-0.6741403663914005
2018-09-27,0.18042171713091995,0.8490764847729136,-0.6686547676419937
2018-09-28,0.3327014140639751,0.8450116760453142,-0.5123102619813391
2018-10-01,0.39080356263216626,0.8416013334675181,-0.45079777083535183
2018-10-02,0.35388689793944356,0.8404503513825556,-0.4865634534431121
2018-10-03,0.37958108606599955,0.842847968173285,-0.46326688210728545
2018-10-04,0.37596588334161896,0.8401970521502796,-0.46423116880866067
2018-10-05,0.37160168163939455,0.8315119288066268,-0.4599102471672323
2018-10-08,0.3955989965022966,0.8300571329968658,-0.4344581364945692
2018-10-09,0.34908260670425045,0.834732439259491,-0.4856498325552406
2018-10-10,0.36159840740910887,0.8348359276092381,-0.4732375202001292
2018-10-11,0.3086880918910292,0.8268816040542855,-0.5181935121632563
2018-10-12,0.3583629451683748,0.8090495934318253,-0.45068664826345045
2018-10-15,0.33016991287446007,0.7976302125250657,-0.46746029965060565
2018-10-16,0.30942629756594237,0.7941724056687557,-0.4847461081028133
2018-10-17,0.30471370647324053,0.7923286510345738,-0.4876149445613333
2018-10-18,0.30276698518452694,0.7956157063096488,-0.4928487211251219
2018-10-19,0.317730699797499,0.7926445391849578,-0.4749138393874588
2018-10-22,0.27343330430166995,0.7877819285223231,-0.5143486242206532
2018-10-23,0.26711842910518724,0.7899881104112007,-0.5228696813060134
2018-10-24,0.27316109944481276,0.7940135278608512,-0.5208524284160385
2018-10-25,0.2839833292379302,0.791771158375302,-0.5077878291373719
2018-10-26,0.24194715675403333,0.7898681579699354,-0.547921001215902
2018-10-29,0.22272699841023202,0.7921579427729215,-0.5694309443626895
2018-10-30,0.19335494349819413,0.7901468511080794,-0.5967919076098852
2018-10-31,0.17016804651440762,0.7828518645483113,-0.6126838180339037
2018-11-01,0.14630506071249652,0.7853236985886554,-0.6390186378761589
2018-11-02,0.21711538309362372,0.7964022475638901,-0.5792868644702664
2018-11-05,0.20812427827844307,0.7973522674155565,-0.5892279891371135
2018-11-06,0.22841643569366954,0.7992869871867095,-0.57087055149304
2018-11-07,0.22876380628548007,0.7867180027136239,-0.5579541964281438
2018-11-08,0.2860807204388261,0.7871943785491214,-0.5011136581102953
2018-11-09,0.23183896583196137,0.7589809280132243,-0.5271419621812629
2018-11-12,0.1586102690798752,0.7922120225718554,-0.6336017534919802
2018-11-13,0.1735957745407446,0.7911796013453457,-0.6175838268046011
2018-11-14,0.15274042629810802,0.7975945281731243,-0.6448541018750162
2018-11-15,0.15146886826815545,0.8021567437762953,-0.6506878755081399
2018-11-16,0.162379328795149,0.7969968429315631,-0.6346175141364141
2018-11-19,0.19636405156817222,0.7912711703115496,-0.5949071187433774
2018-11-20,0.23035145285381997,0.7738615392259203,-0.5435100863721003
2018-11-21,0.24886317489650425,0.7695918661057852,-0.520728691209281
2018-11-23,0.20552633671505924,0.7594280028024255,-0.5539016660873662
2018-11-26,0.14141357111177838,0.752469798554189,-0.6110562274424107
2018-11-27,0.11769976184641949,0.7488668142036073,-0.6311670523571878
2018-11-28,0.14540639322423282,0.7511929989207606,-0.6057866056965278
2018-11-29,0.09802563011573664,0.7613128706285585,-0.6632872405128218
2018-11-30,0.0851409990325624,0.7594301718326577,-0.6742891728000953
2018-12-03,0.08392686671843139,0.7614746069205579,-0.6775477402021265
2018-12-04,0.10840503679575729,0.770136070891262,-0.6617310340955047
2018-12-06,0.09924139808147717,0.7736056118361879,-0.6743642137547108
2018-12-07,0.15183433798181364,0.7740916409924334,-0.6222573030106198
2018-12-10,0.09804144487145597,0.7754787245472579,-0.6774372796758019
2018-12-11,0.1516399104844822,0.7769615927105821,-0.6253216822260999
2018-12-12,0.13340904053237143,0.7719176823840149,-0.6385086418516435
2018-12-13,0.06755818769230973,0.7661956549907232,-0.6986374672984135
2018-12-14,0.0561775416380276,0.7629331012712133,-0.7067555596331857
2018-12-17,0.12231600971687336,0.7637799534711478,-0.6414639437542744
2018-12-18,0.18112589802107573,0.7631055329922448,-0.5819796349711691
2018-12-19,0.12572977836604998,0.7691182598627802,-0.6433884814967301
2018-12-20,0.13854797793892684,0.7685596031361334,-0.6300116251972065
2018-12-21,0.20000660836192535,0.7781677166701515,-0.5781611083082261
2018-12-24,0.19041518412321895,0.7781170639584528,-0.5877018798352338
2018-12-26,0.17841401346108482,0.7824496830603807,-0.6040356695992959
2018-12-27,0.15234148327785096,0.748786786272457,-0.596445302994606
2018-12-28,0.15121723290592953,0.753820705775503,-0.6026034728695735
2018-12-31,0.15194604505893602,0.7474273264404473,-0.5954812813815112
2019-01-02,0.12676473137468533,0.7478346858977121,-0.6210699545230267
2019-01-03,0.1223605210716038,0.7489162051111835,-0.6265556840395797
2019-01-04,0.2026309381569448,0.755415261152101,-0.5527843229951562
2019-01-07,0.15017027367043417,0.7316152980804234,-0.5814450244099891
2019-01-08,0.14858459314807385,0.7251448860751329,-0.5765602929270591
2019-01-09,0.20216248096124373,0.7292742199250867,-0.5271117389638429
2019-01-10,0.23717393760492014,0.7432703046136039,-0.5060963670086838
2019-01-11,0.26397982695537725,0.7670851164785444,-0.5031052895231671
2019-01-14,0.26366121317320507,0.7691563194072747,-0.5054951062340696
2019-01-15,0.25335254323872125,0.7686027968301417,-0.5152502535914204
2019-01-16,0.24460626557366,0.7697256134311631,-0.5251193478575031
2019-01-17,0.24395563593288003,0.7707447896554367,-0.5267891537225566
2019-01-18,0.20946859673177703,0.7718344595206995,-0.5623658627889225
2019-01-22,0.24377309953917697,0.7809637455497221,-0.5371906460105451
2019-01-23,0.20512645255927572,0.7760074728003615,-0.5708810202410858
2019-01-24,0.19274603316827485,0.7774873242300404,-0.5847412910617655
2019-01-25,0.1885308758170157,0.777305669315639,-0.5887747934986234
2019-01-28,0.2989424788518228,0.7998631604568284,-0.5009206816050056
2019-01-29,0.298768590732109,0.800308418431064,-0.5015398276989551
2019-01-30,0.3150526841506118,0.8072761645854297,-0.49222348043481795
2019-01-31,0.26618882769187546,0.8043914185742087,-0.5382025908823332
2019-02-01,0.231231377598572,0.7893959017078579,-0.5581645241092859
2019-02-04,0.2401138109552744,0.7901614687289102,-0.5500476577736358
2019-02-05,0.23486788883361256,0.7882300088134807,-0.5533621199798682
2019-02-06,0.2219953385176486,0.7842590917265356,-0.562263753208887
2019-02-07,0.279453679706514,0.7928034415730251,-0.513349761866511
2019-02-08,0.3226406077186971,0.7920001539912496,-0.46935954627255244
2019-02-11,0.37498920304768935,0.7728545385733261,-0.39786533552563674
2019-02-12,0.39867142452584337,0.7680024764882536,-0.36933105196241023
2019-02-13,0.40167466964693954,0.7673716531305846,-0.3656969834836451
2019-02-14,0.3836197071643322,0.7678895738280691,-0.3842698666637369
2019-02-15,0.37709706308096297,0.7750625961570989,-0.39796553307613597
2019-02-19,0.37020376482533546,0.7759504387646043,-0.4057466739392689
2019-02-20,0.3476668032592439,0.780358012219238,-0.4326912089599941
2019-02-21,0.3249013678762645,0.7792607081945689,-0.45435934031830444
2019-02-22,0.3711396751482301,0.8029701507917113,-0.4318304756434812
2019-02-25,0.3957268283767581,0.8140539429508002,-0.41832711457404215
2019-02-26,0.39686521127377095,0.8139690350444817,-0.41710382377071076
2019-02-27,0.38606106796884454,0.8096237283615191,-0.42356266039267454
2019-02-28,0.39888915420500537,0.8186385698674654,-0.41974941566246005
2019-03-01,0.41170121611195315,0.8245818331336391,-0.41288061702168594
2019-03-04,0.46963062534176275,0.8527965747982664,-0.3831659494565037
2019-03-05,0.4694698024039715,0.8502559308332585,-0.38078612842928694
2019-03-06,0.45653640141246576,0.8479825224553603,-0.39144612104289456
2019-03-07,0.45422326251853223,0.8481055857170738,-0.3938823231985416
2019-03-08,0.41589903839844883,0.845184196981336,-0.4292851585828871
2019-03-11,0.4115951862056726,0.8510134010659497,-0.4394182148602771
2019-03-12,0.3922416600834415,0.8505352221396126,-0.4582935620561711
2019-03-13,0.3835482866223241,0.8570802202833377,-0.47353193366101365
2019-03-14,0.38713355303076574,0.8560397555834526,-0.46890620255268683
2019-03-15,0.38862016675574207,0.8649414051284218,-0.4763212383726797
2019-03-18,0.3848460827033997,0.8665419443523336,-0.48169586164893385
2019-03-19,0.3494421761185341,0.8673333183171102,-0.5178911421985761
2019-03-20,0.35515134642514634,0.8674057191043913,-0.512254372679245
2019-03-21,0.34343404571467234,0.8743056453564302,-0.5308715996417579
2019-03-22,0.3240501878941883,0.8722425975713574,-0.5481924096771691
2019-03-25,0.2691604095293234,0.8694390459899022,-0.6002786364605788
2019-03-26,0.30196719150881235,0.9128012572507278,-0.6108340657419155
2019-03-27,0.31234767103077277,0.9114570922890148,-0.5991094212582421
2019-03-28,0.32063503344960426,0.9126244614620643,-0.59198942801246
2019-03-29,0.3730516127796505,0.9188516976502379,-0.5458000848705874
2019-04-01,0.3868934485516738,0.9152514767374635,-0.5283580281857898
2019-04-02,0.32364991737351606,0.9107834460726609,-0.5871335286991448
2019-04-03,0.3448751032412604,0.9208489680413087,-0.5759738648000483
2019-04-04,0.3462965747814108,0.9247484465025836,-0.5784518717211729
2019-04-05,0.32414867599563635,0.9279190085223754,-0.6037703325267391
2019-04-08,0.3059662293276135,0.9277677409056507,-0.6218015115780372
2019-04-09,0.2733049975929998,0.9265802131897181,-0.6532752155967183
2019-04-10,0.25565213479507237,0.9183662201444994,-0.6627140853494271
2019-04-11,0.24091191451356486,0.9171094582983808,-0.6761975437848159
2019-04-12,0.3071279158388016,0.9219728001413481,-0.6148448843025465
2019-04-15,0.30171701272881624,0.9205920708807372,-0.618875058151921
2019-04-16,0.3024038328704366,0.9192369313125592,-0.6168330984421226
2019-04-17,0.27857290792117934,0.8979842569941634,-0.619411349072984
2019-04-18,0.26993492712396533,0.8987878667560711,-0.6288529396321059
2019-04-22,0.26108554322273414,0.900516837910884,-0.6394312946881499
2019-04-23,0.3225782242510939,0.9003652137397412,-0.5777869894886474
2019-04-24,0.33051124944937416,0.8836635076193488,-0.5531522581699746
2019-04-25,0.35476999449045166,0.8835357103421225,-0.5287657158516709
2019-04-26,0.34885703220348996,0.882288772866882,-0.533431740663392
2019-04-29,0.34726476981511556,0.8821023440821244,-0.5348375742670088
2019-04-30,0.3475451504075128,0.8829882673629121,-0.5354431169553993
2019-05-01,0.3363009289297643,0.8853321437945582,-0.5490312148647938
2019-05-02,0.3376484298915938,0.8831294882466445,-0.5454810583550507
2019-05-03,0.3727705461354503,0.883674132297112,-0.5109035861616618
2019-05-06,0.3230313934121371,0.8780838313107643,-0.5550524378986272
2019-05-07,0.31555827862341645,0.8781033977000661,-0.5625451190766496
2019-05-08,0.3326892011990536,0.8757143174908439,-0.5430251162917903
2019-05-09,0.28503491514699514,0.8746224872342482,-0.589587572087253
2019-05-10,0.29471209168483864,0.869605316524635,-0.5748932248397964
2019-05-13,0.2644816835661356,0.8690299462681751,-0.6045482627020395
2019-05-14,0.25021365517253646,0.8506382484308679,-0.6004245932583314
2019-05-15,0.2469166032915324,0.845964320767001,-0.5990477174754686
2019-05-16,0.19662334370424567,0.8416924856200292,-0.6450691419157835
2019-05-17,0.251469791722249,0.8494377533963644,-0.5979679616741154
2019-05-20,0.27049604315874676,0.8442743825196011,-0.5737783393608543
2019-05-21,0.21866768213929563,0.8423063293675059,-0.6236386472282103
2019-05-22,0.2119322022947225,0.8417057974050035,-0.629773595110281
2019-05-23,0.2583337540297234,0.8404193908466555,-0.582085636816932
2019-05-24,0.30610843056366904,0.8417278275911967,-0.5356193970275276
2019-05-28,0.27116415225306667,0.8387849608290083,-0.5676208085759417
2019-05-29,0.2631454100946317,0.8053470884765546,-0.5422016783819228
2019-05-30,0.2522258044879627,0.8029684816554069,-0.5507426771674442
2019-05-31,0.24689621768406284,0.8049796321430444,-0.5580834144589815
2019-06-03,0.22803071461543423,0.7850130255414711,-0.5569823109260369
2019-06-04,0.306692232911112,0.8006989293064968,-0.4940066963953848
2019-06-05,0.32198246660254026,0.7893628811028586,-0.4673804145003183
2019-06-06,0.31147877205444563,0.7901672439316751,-0.4786884718772295
2019-06-07,0.2907658280307528,0.7872271854304457,-0.4964613573996929
2019-06-10,0.3161613996493808,0.7937602434465375,-0.4775988437971567
2019-06-11,0.35174192044924085,0.7901971834879695,-0.43845526303872867
2019-06-12,0.33584443671243014,0.7849503801145339,-0.44910594340210375
2019-06-13,0.33380740069581283,0.7863240384951576,-0.4525166377993448
2019-06-14,0.33132647847169217,0.7906352925119007,-0.4593088140402085
2019-06-17,0.3387493292787455,0.7855959905737091,-0.4468466612949636
2019-06-18,0.3096554722335289,0.7865356143693,-0.47688014213577107
2019-06-19,0.3388900733227855,0.7923491955683979,-0.4534591222456124
2019-06-20,0.3473534059600308,0.792287918313445,-0.44493451235341425
2019-06-21,0.3835076400771214,0.8048282432242945,-0.42132060314717307
2019-06-24,0.35674678795527937,0.7805854070982204,-0.4238386191429411
2019-06-25,0.33288264837824005,0.7553616122110435,-0.4224789638328034
2019-06-26,0.3120120402371994,0.7584547458752504,-0.446442705638051
2019-06-27,0.2660553553649386,0.7547700490935506,-0.48871469372861204
2019-06-28,0.27941894362022934,0.7557815832433575,-0.4763626396231282
2019-07-01,0.2907266428509218,0.760499630524111,-0.46977298767318915
2019-07-02,0.3384411194803589,0.755236615332856,-0.41679549585249714
2019-07-03,0.3424339207041852,0.7440977018777072,-0.40166378117352197
2019-07-05,0.351245473910226,0.7458790701716975,-0.39463359626147154
2019-07-08,0.4160539326831219,0.7638611056511507,-0.3478071729680288
2019-07-09,0.3658042441204494,0.7585794525475203,-0.392775208427071
2019-07-10,0.28797187523687984,0.7413542283983133,-0.4533823531614335
2019-07-11,0.27665635559808227,0.7468945971016248,-0.4702382415035425
2019-07-12,0.3098837909120807,0.7513531660543775,-0.44146937514229684
2019-07-15,0.2673357020908145,0.7670645523205671,-0.49972885022975266
2019-07-16,0.2449038393615772,0.7509994079911146,-0.5060955686295374
2019-07-17,0.1940922444274891,0.7139524441096451,-0.519860199682156
2019-07-18,0.2226262123432179,0.7332291529697577,-0.5106029406265398
2019-07-19,0.21947437102697706,0.7466311572049414,-0.5271567861779644
2019-07-22,0.22310538679641567,0.748923784581431,-0.5258183977850154
2019-07-23,0.20299754490810912,0.7366845304485347,-0.5336869855404256
2019-07-24,0.27085292944737305,0.7332733109857404,-0.4624203815383674
2019-07-25,0.2563588234629721,0.7296686907671948,-0.47330986730422264
2019-07-26,0.2797150032823108,0.7353860223408923,-0.45567101905858154
2019-07-29,0.25088534783334127,0.7332795232926448,-0.4823941754593035
2019-07-30,0.2503153380116946,0.7328592166258161,-0.4825438786141215
2019-07-31,0.25071742775810485,0.7390466670008939,-0.4883292392427891
2019-08-01,0.22256633372563206,0.7546481423324095,-0.5320818086067775
2019-08-02,0.24236926567054676,0.7436862651405551,-0.5013169994700084
2019-08-05,0.21017948549957213,0.7440588541971059,-0.5338793686975338
2019-08-06,0.21714477582599512,0.7496659094034003,-0.5325211335774052
2019-08-07,0.23477524284505707,0.7486214551326934,-0.5138462122876364
2019-08-08,0.17783127103080074,0.7484479295936595,-0.5706166585628587
2019-08-09,0.16415544715293987,0.742249226858317,-0.5780937797053771
2019-08-12,0.19342907888679964,0.7414138276559609,-0.5479847487691613
2019-08-13,0.19071737591002305,0.7355212148428837,-0.5448038389328607
2019-08-14,0.1429700718407133,0.7338795953299004,-0.5909095234891871
2019-08-15,0.15528302507152839,0.7342862679891048,-0.5790032429175764
2019-08-16,0.15783669814180404,0.7324696715490667,-0.5746329734072627
2019-08-19,0.1857759051421984,0.7365289508820653,-0.5507530457398668
2019-08-20,0.22381014229914611,0.7458862539701111,-0.522076111670965
2019-08-21,0.24922021292716728,0.7457055256043827,-0.49648531267721546
2019-08-22,0.239610644184349,0.7457865048503352,-0.5061758606659862
2019-08-23,0.25031813349913323,0.7484156194525482,-0.49809748595341496
2019-08-26,0.29378768345267026,0.7615828177061926,-0.46779513425352237
2019-08-27,0.30036839046502334,0.7623677612640266,-0.4619993707990033
2019-08-28,0.2954417682428077,0.7459769547871382,-0.4505351865443305
2019-08-29,0.2815507466121501,0.7389501951994191,-0.45739944858726894
2019-08-30,0.26269912469895246,0.7432126504200554,-0.4805135257211029
2019-09-03,0.2579765646199424,0.7408528384072475,-0.4828762737873051
2019-09-04,0.30081808698887114,0.7320993099392612,-0.43128122295039006
2019-09-05,0.23881340587085412,0.7164670829092724,-0.4776536770384183
2019-09-06,0.20608780423573772,0.7529021105986576,-0.5468143063629199
2019-09-09,0.25722286429419594,0.7529678295723913,-0.49574496527819534
2019-09-10,0.2555524779245959,0.7530150924918249,-0.49746261456722896
2019-09-11,0.24251541445686897,0.7487702153262238,-0.5062548008693548
2019-09-12,0.24924789753957385,0.748480597649123,-0.4992327001095491
2019-09-13,0.2588223674507629,0.7472039158791686,-0.48838154842840564
2019-09-16,0.2266874039309313,0.7411004981404911,-0.5144130942095597
2019-09-17,0.20369014949032377,0.7398360546763167,-0.5361459051859929
2019-09-18,0.20934857222756115,0.7483564583678952,-0.539007886140334
2019-09-19,0.18552167951368206,0.7563454230134652,-0.5708237434997832
2019-09-20,0.22818875221218587,0.7587233029985591,-0.5305345507863732
2019-09-23,0.2129781770484618,0.7595585490599701,-0.5465803720115083
2019-09-24,0.1809607060826577,0.7411979375133023,-0.5602372314306446
2019-09-25,0.18804511779847066,0.7362635025664233,-0.5482183847679526
2019-09-26,0.2255798205743392,0.7606567259425029,-0.5350769053681637
2019-09-27,0.21025172799751912,0.7785608788035464,-0.5683091508060273
2019-09-30,0.21605347788775625,0.7795033486543901,-0.5634498707666338
2019-10-01,0.22064900971447682,0.7845255489095597,-0.5638765391950828
2019-10-02,0.17449807272961337,0.7873466363687284,-0.612848563639115
2019-10-03,0.1922790598716913,0.7897415694749416,-0.5974625096032502
2019-10-04,0.19167078725401915,0.7955501933723961,-0.603879406118377
2019-10-07,0.18134997378129053,0.7957699698783552,-0.6144199960970647
2019-10-08,0.15364639092871357,0.7960592236445363,-0.6424128327158227
2019-10-09,0.14534028634317905,0.8008646257386551,-0.655524339395476
2019-10-10,0.1647393256674159,0.8137074110138268,-0.6489680853464109
2019-10-11,0.15336027043843575,0.809685599315249,-0.6563253288768132
2019-10-14,0.1503594007283724,0.8023057785140068,-0.6519463777856344
2019-10-15,0.1456168175017476,0.8092396057980991,-0.6636227882963515
2019-10-16,0.0815152299378002,0.8146850805689064,-0.7331698506311062
2019-10-17,0.10004623180715043,0.814138842316254,-0.7140926105091036
2019-10-18,0.0784206442784917,0.8126158758113395,-0.7341952315328478
2019-10-21,0.02490815920021735,0.8110620117301532,-0.7861538525299359
2019-10-22,0.021813583474006713,0.8099440859736786,-0.7881305024996719
2019-10-23,0.014964852024272605,0.8089478489626059,-0.7939829969383333
2019-10-24,0.0346468208436129,0.8084702207011366,-0.7738233998575237
2019-10-25,0.016703671591149244,0.8058784218882801,-0.7891747502971308
2019-10-28,-0.0014556694390514806,0.8364329630660738,-0.8378886325051254
2019-10-29,0.013760343903422186,0.8372651287728091,-0.8235047848693869
2019-10-30,0.0026618504484465025,0.8451295038648339,-0.8424676534163874
2019-10-31,0.04187316438340617,0.8488501587236219,-0.8069769943402157
2019-11-01,-0.02396995647864205,0.8385352915362163,-0.8625052480148584
2019-11-04,-0.028794354707834445,0.8452802449786655,-0.8740745996864999
2019-11-05,-0.015976789710677387,0.8464061773205641,-0.8623829670312415
2019-11-06,0.002862773860945769,0.8566209236590284,-0.8537581497980826
2019-11-07,-0.035991482581710574,0.8549183337997397,-0.8909098163814503
2019-11-08,-0.016540324470694628,0.8604780136613376,-0.8770183381320322
2019-11-11,0.004635021200225151,0.8641494327569571,-0.8595144115567319
2019-11-12,0.0048364536036550184,0.8631157113420601,-0.8582792577384051
2019-11-13,0.031497181472619144,0.8610863386695643,-0.8295891571969451
2019-11-14,-0.04676705655697862,0.8593379367414565,-0.9061049932984352
2019-11-15,-0.0503154224475368,0.8598539497544235,-0.9101693722019604
2019-11-18,0.01913108307296799,0.8597276196909259,-0.840596536617958
2019-11-19,-0.012581148255072228,0.8614457061605884,-0.8740268544156606
2019-11-20,0.03040005222807625,0.8629333579059021,-0.8325333056778258
2019-11-21,-0.04776422083550478,0.8590777414942918,-0.9068419623297966
2019-11-22,-0.026206146056028036,0.8624845398973844,-0.8886906859534124
2019-11-25,-0.0579375280641802,0.8641880887049552,-0.9221256167691354
2019-11-26,0.01319030791493752,0.8670802123884616,-0.8538899044735241
2019-11-27,0.06700368408131789,0.8603885297703664,-0.7933848456890485
2019-11-29,0.0691922639478267,0.8606995124644976,-0.7915072485166709
2019-12-02,0.12426106157761899,0.8324067437461701,-0.7081456821685511
2019-12-03,0.05826527001036634,0.8302384867995878,-0.7719732167892215
2019-12-04,0.079853719308269,0.835417066919954,-0.755563347611685
2019-12-05,0.09196456447838335,0.8420380042330846,-0.7500734397547013
2019-12-06,0.04872757953763964,0.8413689408382327,-0.792641361300593
2019-12-09,0.09942708729416884,0.8479572687903745,-0.7485301814962056
2019-12-10,0.17049067957461558,0.8531138905638026,-0.682623210989187
2019-12-11,0.14268805139924318,0.8507064466748315,-0.7080183952755883
2019-12-12,0.19227649809022335,0.8530485898338065,-0.6607720917435831
2019-12-13,0.15878288635324922,0.8433628557453032,-0.684579969392054
2019-12-16,0.18426365032335193,0.8398827574031885,-0.6556191070798366
2019-12-17,0.1790655972398211,0.8411321632392202,-0.6620665659993992
2019-12-18,0.1774553733835245,0.8759441511634682,-0.6984887777799438
2019-12-19,0.2208075069435912,0.8851883272158717,-0.6643808202722805
2019-12-20,0.21667094353331,0.8671739339030647,-0.6505029903697548
2019-12-23,0.21865179042213218,0.8663194772567298,-0.6476676868345976
2019-12-24,0.12696786213266686,0.865096658770312,-0.7381287966376452
2019-12-26,0.17075880355225437,0.8551570512351477,-0.6843982476828934
2019-12-27,0.17151636057368197,0.8544817106224747,-0.6829653500487927
2019-12-30,0.1319115748390726,0.8427195281509228,-0.7108079533118502
2019-12-31,0.10530085012621221,0.8459566490570195,-0.7406557989308074
2020-01-02,0.13025270056156377,0.8423514973704849,-0.7120987968089211
2020-01-03,0.14920206495641555,0.8452178325953368,-0.6960157676389213
2020-01-06,0.0863045335120329,0.8084900628064707,-0.7221855292944378
2020-01-07,0.10993842209487446,0.8029924839407755,-0.693054061845901
2020-01-08,0.07260949917923061,0.7940297890354041,-0.7214202898561735
2020-01-09,0.10034070688749508,0.8079235756220929,-0.7075828687345979
2020-01-10,0.16682906847073475,0.8110050558540324,-0.6441759873832976
2020-01-13,0.20102307657174223,0.808002509892267,-0.6069794333205247
2020-01-14,0.23303305275458255,0.814354704379469,-0.5813216516248865
2020-01-15,0.19183546948205754,0.8142835086775225,-0.622448039195465
2020-01-16,0.20089261302459951,0.8176500652039632,-0.6167574521793637
2020-01-17,0.16269755479650752,0.8233125814653682,-0.6606150266688607
2020-01-21,0.14690135658291587,0.8265954618286903,-0.6796941052457743
2020-01-22,0.16025407884280457,0.8178599259044667,-0.6576058470616621
2020-01-23,0.22996463689513605,0.8136610106626887,-0.5836963737675527
2020-01-24,0.25126661504796816,0.8185018030149868,-0.5672351879670186
2020-01-27,0.25463833812073794,0.8130621997753644,-0.5584238616546264
2020-01-28,0.2461013086297042,0.8043929942457134,-0.5582916856160092
2020-01-29,0.2685049308314839,0.8065396411173547,-0.5380347102858707
2020-01-30,0.23477315431011608,0.803882618937719,-0.5691094646276029
2020-01-31,0.22852295110099083,0.7862983884226519,-0.557775437321661
2020-02-03,0.2656807722007047,0.7882334929458639,-0.5225527207451592
2020-02-04,0.24924906793016213,0.7760304816211115,-0.5267814136909494
2020-02-05,0.2558272872202611,0.7478780851303766,-0.49205079791011547
2020-02-06,0.2736175152909926,0.711906470269422,-0.4382889549784294
2020-02-07,0.3047548645725629,0.7037013880271856,-0.3989465234546227
2020-02-10,0.27756360196534335,0.703942850601743,-0.42637924863639964
2020-02-11,0.2819858589566786,0.7064477796431041,-0.4244619206864255
2020-02-12,0.30681872644759844,0.708536042731963,-0.4017173162843646
2020-02-13,0.2859301374657453,0.7074725113762631,-0.4215423739105178
2020-02-14,0.2829666338232762,0.7098371817361055,-0.42687054791282936
2020-02-18,0.29268188132948314,0.7106668111442398,-0.41798492981475666
2020-02-19,0.3529885739022621,0.7371978954564643,-0.3842093215542022
2020-02-20,0.36523736545592694,0.7407153582321089,-0.37547799277618193
2020-02-21,0.34025055595199627,0.7357766171791127,-0.3955260612271164
2020-02-24,0.2871409238534506,0.7217827025911633,-0.4346417787377127
2020-02-25,0.22440139506766743,0.7176012076207688,-0.4931998125531014
2020-02-26,0.23939913593616888,0.7691982032865469,-0.529799067350378
2020-02-27,0.19866677986158424,0.7632278063825568,-0.5645610265209726
2020-02-28,0.18702209371810685,0.7598872946791879,-0.5728652009610811
2020-03-02,0.19991150299889607,0.8343724381466372,-0.6344609351477412
2020-03-03,0.17334091156362522,0.8302776668645816,-0.6569367553009564
2020-03-04,0.17955459653304037,0.8388518763428674,-0.659297279809827
2020-03-05,0.19257512350818207,0.8402359115036241,-0.647660787995442
2020-03-06,0.1408981440076897,0.8275000387836726,-0.6866018947759829
2020-03-09,0.1542035564803294,0.8276710761316426,-0.6734675196513131
2020-03-10,0.11152278879195877,0.817113260711392,-0.7055904719194332
2020-03-11,0.08082261417206084,0.7978175055440879,-0.7169948913720271
2020-03-12,0.0955421680899963,0.8061769102988429,-0.7106347422088466
2020-03-13,0.0767520536369702,0.856011375898361,-0.7792593222613907
2020-03-16,0.01248897220595891,0.8758781247880555,-0.8633891525820966
2020-03-17,-0.055523556778208,0.7372018032655999,-0.7927253600438079
2020-03-18,-0.06703507309039347,0.7259820895064822,-0.7930171625968757
2020-03-19,-0.04735060847755482,0.7407943079096406,-0.7881449163871954
2020-03-20,-0.051554689004356204,0.7089015397861546,-0.7604562287905108
2020-03-23,-0.043905836142761126,0.7167335470896524,-0.7606393832324135
2020-03-24,-0.0679487944627939,0.7440019078295281,-0.811950702292322
2020-03-25,-0.05258515531423649,0.7795217269542387,-0.8321068822684752
2020-03-26,-0.0571317131694162,0.7585517136352485,-0.8156834268046648
2020-03-27,-0.0581862913994042,0.7575817479009286,-0.8157680393003328
2020-03-30,-0.06858890753943545,0.7568148435307415,-0.8254037510701769
2020-03-31,-0.08932705137659609,0.7514298781253662,-0.8407569295019623
2020-04-01,-0.1159345909186613,0.7295001274740128,-0.8454347183926741
2020-04-02,-0.10191245894622387,0.7275597492853605,-0.8294722082315844
2020-04-03,-0.134789233097718,0.7332907734020929,-0.8680800064998109
2020-04-06,-0.11256715021045818,0.7319827127887407,-0.8445498629991989
2020-04-07,-0.07125215503901382,0.7423458461955252,-0.8135980012345391
2020-04-08,-0.05172079232132923,0.7408264308013977,-0.7925472231227269
2020-04-09,-0.05089982419335939,0.7394025231408421,-0.7903023473342015
2020-04-13,-0.06496370305008521,0.7446033477687689,-0.8095670508188542
2020-04-14,-0.06436176253648099,0.7419916122110012,-0.8063533747474821
2020-04-15,-0.059109382314958145,0.7428093835337476,-0.8019187658487057
2020-04-16,-0.07736537345766399,0.7433776261577943,-0.8207429996154584
2020-04-17,-0.07410875567931642,0.7431536448863584,-0.8172624005656748
2020-04-20,-0.09416417864481762,0.7457329561871819,-0.8398971348319996
2020-04-21,-0.0962231013601301,0.7462616542349527,-0.8424847555950828
2020-04-22,-0.07682215055045637,0.7475549521913826,-0.824377102741839
2020-04-23,-0.0811297036373459,0.7491193498035711,-0.830249053440917
2020-04-24,-0.10531082828990418,0.7481599135390838,-0.853470741828988
2020-04-27,-0.06909910969530346,0.7466742304845422,-0.8157733401798456
2020-04-28,-0.020670181402223316,0.7478334439039752,-0.7685036253061985
2020-04-29,0.07866652925714876,0.7475347217966944,-0.6688681925395457
2020-04-30,0.0696257014408167,0.7466112452514816,-0.6769855438106649
2020-05-01,0.12259870137803923,0.7520970546643212,-0.629498353286282
2020-05-04,0.12246335328452705,0.7514468919588493,-0.6289835386743222
2020-05-05,0.08622317196587533,0.7502415959893457,-0.6640184240234703
2020-05-06,0.09077372511264063,0.7501220360611568,-0.6593483109485162
2020-05-07,0.03449321496575203,0.744833211645062,-0.71033999667931
2020-05-08,0.04973520019385781,0.7476983770947072,-0.6979631769008494
2020-05-11,0.044762033320245274,0.7415049105916219,-0.6967428772713766
2020-05-12,0.049443750426280825,0.7394558423113575,-0.6900120918850767
2020-05-13,0.0646097233416567,0.7392308158076091,-0.6746210924659524
2020-05-14,0.08508404950107963,0.737651167474444,-0.6525671179733644
2020-05-15,0.08876255064727319,0.7383879882885862,-0.649625437641313
2020-05-18,0.1552109078637851,0.7300882894507774,-0.5748773815869923
2020-05-19,0.1486005151248488,0.7212614973159764,-0.5726609821911277
2020-05-20,0.18227259314000394,0.7223130304327545,-0.5400404372927505
2020-05-21,0.15730301270847913,0.7153120004784724,-0.5580089877699933
2020-05-22,0.16310714015335687,0.7189696743816322,-0.5558625342282753
2020-05-26,0.21806045069823166,0.7197891254868822,-0.5017286747886506
2020-05-27,0.19940921906316003,0.6962277281170026,-0.4968185090538426
2020-05-28,0.21933271225990295,0.6958555892656184,-0.4765228770057155
2020-05-29,0.22933326879135715,0.6913159470282935,-0.4619826782369363
2020-06-01,0.23153575170625496,0.6915763702969313,-0.46004061859067635
2020-06-02,0.24971145746156245,0.692292392999499,-0.44258093553793654
2020-06-03,0.23476424580888744,0.693825053053446,-0.45906080724455856
2020-06-04,0.2510492735614074,0.7003289501024492,-0.44927967654104184
2020-06-05,0.2721449441003038,0.7028410248790403,-0.4306960807787365
2020-06-08,0.38235752004951157,0.7049870035717376,-0.32262948352222603
2020-06-09,0.4508766615459512,0.6768365226399371,-0.22595986109398591
2020-06-10,0.2533563054524032,0.6407171623386436,-0.38736085688624045
2020-06-11,0.20261398063991934,0.7363259278263932,-0.5337119471864739
2020-06-12,0.2218088143416392,0.7503519928539273,-0.528543178512288
2020-06-15,0.1250256020321886,0.7408145569947769,-0.6157889549625883
2020-06-16,0.14944466959103378,0.7604097284977772,-0.6109650589067435
2020-06-17,0.14575707763115986,0.7571874586139451,-0.6114303809827852
2020-06-18,0.05438922938214408,0.7240910896505116,-0.6697018602683675
2020-06-19,0.23369945485802768,0.6470372406089053,-0.41333778575087765
2020-06-22,0.263772454219665,0.6798686697845857,-0.4160962155649207
2020-06-23,0.26492874199499905,0.6849850735477588,-0.4200563315527598
2020-06-24,0.23695829407984162,0.6851542962660456,-0.44819600218620403
2020-06-25,0.25195807198333814,0.6954950466078934,-0.44353697462455527
2020-06-26,0.27882281741289844,0.7117822200878902,-0.4329594026749917
2020-06-29,0.29058562765886686,0.7192417461083072,-0.4286561184494403
2020-06-30,0.16656933934923304,0.707900814553595,-0.541331475204362
2020-07-01,0.2261079952613751,0.7110431122593714,-0.48493511699799635
2020-07-02,0.11889079969877014,0.6839612940853789,-0.5650704943866087
2020-07-06,0.12612647117045067,0.6801918967764026,-0.5540654256059518
2020-07-07,0.05782302861812273,0.6813520967541474,-0.6235290681360247
2020-07-08,0.019050543841142673,0.6608422157320984,-0.6417916718909558
2020-07-09,0.032454772336539726,0.6766837470270556,-0.6442289746905159
2020-07-10,0.009696447752823035,0.6740678467935571,-0.6643713990407341
2020-07-13,-0.00951287497237804,0.6704543510579404,-0.6799672260303185
2020-07-14,0.05580204395273775,0.6672039051373309,-0.611401861184593
2020-07-15,0.12520842672510504,0.6467050741324267,-0.5214966474073217
2020-07-16,0.1291987757605905,0.6457470155252172,-0.5165482397646267
2020-07-17,0.12970508255958546,0.6515069314278821,-0.5218018488682966
2020-07-20,0.12161291187105255,0.6581605570896505,-0.536547645218598
2020-07-21,0.08134791034577293,0.659286634672972,-0.5779387243271991
2020-07-22,0.2097683185096264,0.6648238727537569,-0.45505555424413047
2020-07-23,0.11707459900461473,0.6699199639633074,-0.5528453649586927
2020-07-24,0.0733440644797147,0.6357038620787447,-0.56235979759903
2020-07-27,0.11204324593998517,0.6326243121965348,-0.5205810662565497
2020-07-28,0.0243067935642063,0.6536607291005992,-0.629353935536393
2020-07-29,0.018243994503127497,0.6508634094318182,-0.6326194149286907
2020-07-30,0.0012317680043403237,0.6437319876488318,-0.6425002196444914
2020-07-31,0.02464102824757081,0.6534762328862754,-0.6288352046387046
2020-08-03,-0.004681366921893366,0.6660376123761566,-0.6707189792980499
2020-08-04,-0.026017254098236135,0.6642830691602075,-0.6903003232584437
2020-08-05,-0.012542063208126205,0.702295452996457,-0.7148375162045832
2020-08-06,-0.01141706413280328,0.7069056751759575,-0.7183227393087608
2020-08-07,-0.10260906140879814,0.7141851298336339,-0.816794191242432
2020-08-10,-0.1173652573884001,0.7287537948421638,-0.8461190522305639
2020-08-11,-0.12156075338731546,0.7126828641616794,-0.8342436175489948
2020-08-12,-0.03251717944675712,0.8288447711623644,-0.8613619506091216
2020-08-13,-0.042705416146257245,0.8374819184924516,-0.8801873346387088
2020-08-14,-0.05776244117858846,0.8469478885533989,-0.9047103297319873
2020-08-17,-0.039313367825508094,0.845072952598454,-0.8843863204239621
2020-08-18,-0.02679850047960742,0.8444685259700245,-0.8712670264496319
2020-08-19,-0.026328788408424446,0.8439264309692864,-0.8702552193777109
2020-08-20,-0.08787789028906777,0.844732527023615,-0.9326104173126828
2020-08-21,-0.07419464406030084,0.8451019298441664,-0.9192965739044673
2020-08-24,-0.07137533559694303,0.8473868959299744,-0.9187622315269175
2020-08-25,-0.09220000507640294,0.8477273165872544,-0.9399273216636573
2020-08-26,-0.09553171403515373,0.8481675611633178,-0.9436992751984715
2020-08-27,-0.08284683562268534,0.848562932116323,-0.9314097677390084
2020-08-28,-0.10438548424063103,0.8507075148900766,-0.9550929991307076
2020-08-31,-0.09108419473690245,0.8500798168435435,-0.9411640115804459
2020-09-01,-0.08244026972283804,0.8526533819553556,-0.9350936516781936
2020-09-02,-0.1344623226696267,0.852014299451748,-0.9864766221213748
2020-09-03,-0.14067873392875338,0.8630336504417018,-1.0037123843704552
2020-09-04,-0.09924304547161521,0.8634498851632321,-0.9626929306348473
2020-09-08,-0.10838548423484222,0.8623753640099912,-0.9707608482448333
2020-09-09,-0.0983220210292023,0.8637285968133728,-0.9620506178425751
2020-09-10,-0.10419412501764108,0.863054737529596,-0.9672488625472371
2020-09-11,-0.09673415086110508,0.8634161582092054,-0.9601503090703104
2020-09-14,-0.09872260643708944,0.8635150277939503,-0.9622376342310397
2020-09-15,-0.07190121618355551,0.8630928368398318,-0.9349940530233873
2020-09-16,-0.07476279454147215,0.8643090175554625,-0.9390718120969347
2020-09-17,-0.06209282494099934,0.8661531452384117,-0.928245970179411
2020-09-18,-0.06574851156062186,0.8656498210714454,-0.9313983326320673
2020-09-21,-0.01280148316571574,0.8654621307622304,-0.8782636139279462
2020-09-22,0.08269957129386353,0.8740396173268585,-0.791340046032995
2020-09-23,0.09261144875017574,0.8753440034204281,-0.7827325546702524
2020-09-24,0.3058663048020596,0.8824337261706885,-0.5765674213686289
2020-09-25,0.29964649677151634,0.8824087776724918,-0.5827622809009755
2020-09-28,0.34941992538404176,0.8821815860739921,-0.5327616606899503
2020-09-29,0.29314386237724605,0.8843766239698433,-0.5912327615925972
2020-09-30,0.31221715673001654,0.8844373161458334,-0.5722201594158169
2020-10-01,0.311638316903502,0.8857569505830567,-0.5741186336795547
2020-10-02,0.28922929600865777,0.8857986270034685,-0.5965693309948107
2020-10-05,0.3070455004092692,0.8856270095257712,-0.5785815091165021
2020-10-06,0.276945781990148,0.8861235744464944,-0.6091777924563464
2020-10-07,0.29261717413800553,0.8887537069749478,-0.5961365328369423
2020-10-08,0.28747694780571553,0.8872242779201401,-0.5997473301144246
2020-10-09,0.3003453235274762,0.8871732559741291,-0.5868279324466529
2020-10-12,0.23402747421068096,0.8894682314930663,-0.6554407572823854
2020-10-13,0.23130030689399173,0.8900978362077454,-0.6587975293137537
2020-10-14,0.2219485439407825,0.892476212033454,-0.6705276680926715
2020-10-15,0.22838682020443876,0.8925164666825787,-0.6641296464781399
2020-10-16,0.25375208356843393,0.8968853804475111,-0.6431332968790772
2020-10-19,0.24826379004758456,0.9085186220018973,-0.6602548319543127
2020-10-20,0.26663099437340737,0.9097746157203331,-0.6431436213469257
2020-10-21,0.26466105927489253,0.9068674343498727,-0.6422063750749802
2020-10-22,0.27174578081690676,0.9109278690404569,-0.6391820882235502
2020-10-23,0.2801668231794644,0.9166057956018588,-0.6364389724223944
2020-10-26,0.29262762986416374,0.9176823206144573,-0.6250546907502936
2020-10-27,0.25888322626765503,0.9161094978041873,-0.6572262715365322
2020-10-28,0.27806864860021946,0.9160591966566174,-0.6379905480563979
2020-10-29,0.2725926603218326,0.913580846888772,-0.6409881865669393
2020-10-30,0.27290131117360245,0.9122314363219695,-0.639330125148367
2020-11-02,0.29462199791091287,0.9160882135305636,-0.6214662156196507
2020-11-03,0.1885136997039137,0.9172421667976024,-0.7287284670936887
2020-11-04,0.28252354221733345,0.9273035127755004,-0.6447799705581669
2020-11-05,-0.15622503674897634,0.8916777968293558,-1.047902833578332
2020-11-06,-0.023827371151812795,0.9029359340750461,-0.9267633052268589
2020-11-09,-0.03030729650394985,0.8957476188204866,-0.9260549153244364
2020-11-10,-0.03338695725555606,0.8832029066910414,-0.9165898639465975
2020-11-11,-0.10508199346148511,0.8762221677328357,-0.9813041611943207
2020-11-12,-0.0695738915159447,0.874493131065553,-0.9440670225814978
2020-11-13,-0.06596618176352274,0.8796431467687077,-0.9456093285322305
2020-11-16,-0.06986593631317327,0.8805492488690394,-0.9504151851822127
2020-11-17,-0.05030257074025678,0.8794294580616216,-0.9297320288018784
2020-11-18,-0.04583963577837751,0.8792059414229562,-0.9250455772013336
2020-11-19,-0.04461425104606802,0.8791490773718615,-0.9237633284179295
2020-11-20,-0.07527271998403019,0.8759908911604146,-0.9512636111444448
2020-11-23,-0.013938690700338522,0.8766169059007027,-0.8905555966010412
2020-11-24,-0.016086333453959368,0.877582675927423,-0.8936690093813824
2020-11-25,0.037107658940914036,0.8753593639419236,-0.8382517050010095
2020-11-27,0.057605082822187924,0.875650786651541,-0.818045703829353
2020-11-30,0.0489239587974006,0.8760690285765036,-0.827145069779103
2020-12-01,0.02323405890555245,0.8733815415510642,-0.8501474826455118
2020-12-02,0.05866083899672164,0.8830419752258705,-0.8243811362291489
2020-12-03,0.08080413088297414,0.8806015976880167,-0.7997974668050426
2020-12-04,0.05471666189310472,0.8775075105175466,-0.8227908486244419
2020-12-07,0.04612326370039874,0.8767846941314767,-0.830661430431078
2020-12-08,0.059210341685329675,0.8740064940294789,-0.8147961523441493
2020-12-09,0.054202153411787815,0.8722454889711402,-0.8180433355593524
2020-12-10,0.046249977221761406,0.8731800722203058,-0.8269300949985444
2020-12-11,0.04568716937675533,0.8728974710380046,-0.8272103016612493
2020-12-14,0.041864122119485175,0.8740776976929352,-0.83221357557345
2020-12-15,0.07116790085495953,0.8762749823156796,-0.8051070814607201
2020-12-16,0.15704309040095674,0.8819515482231685,-0.7249084578222117
2020-12-17,0.18724446744130602,0.8770540149176843,-0.6898095474763783
2020-12-18,0.13340266717887755,0.8758143313155009,-0.7424116641366234
2020-12-21,0.05226632016388386,0.8760589331407133,-0.8237926129768294
2020-12-22,0.06852332805926657,0.8688684968071761,-0.8003451687479096
2020-12-23,0.3091175857025323,0.8616859263017835,-0.5525683405992512
2020-12-24,0.30712598618225145,0.8610006183538155,-0.553874632171564
2020-12-28,0.32163986193927374,0.8702425095084813,-0.5486026475692075
2020-12-29,0.3084150012220666,0.8585321712598538,-0.5501171700377872
2020-12-30,0.3055761063753817,0.8564871558991065,-0.5509110495237248
2020-12-31,0.31569451271990845,0.8578571900365234,-0.5421626773166149
