Date,cond_rho_100,spearman_rho_100,error
2016-04-04,0.3000785072561462,0.795314287435083,-0.4952357801789368
2016-04-05,0.2861722408709437,0.793419679323596,-0.5072474384526524
2016-04-06,0.2748305769053273,0.8013001781240421,-0.5264696012187148
2016-04-07,0.26515050626330794,0.8019290976910891,-0.5367785914277812
2016-04-08,0.2909928135691111,0.8022254322332436,-0.5112326186641325
2016-04-11,0.28006664795278613,0.7986868875720119,-0.5186202396192258
2016-04-12,0.24433404594171662,0.7963360676724065,-0.5520020217306899
2016-04-13,0.23522165128770361,0.7897358570750016,-0.554514205787298
2016-04-14,0.2271938671755433,0.7873457996026874,-0.560151932427144
2016-04-15,0.2283550735453166,0.7863954898216715,-0.5580404162763549
2016-04-18,0.21763459171407762,0.7867958547352218,-0.5691612630211442
2016-04-19,0.22233555182236092,0.7863087069659038,-0.563973155143543
2016-04-20,0.26736369967634493,0.7831443325287205,-0.5157806328523755
2016-04-21,0.2500702684462031,0.7821602499838478,-0.5320899815376448
2016-04-22,0.2481329958310234,0.7830023898601545,-0.534869394029131
2016-04-25,0.24491722850113198,0.7824552107828985,-0.5375379822817665
2016-04-26,0.23980349436156348,0.7843487770914851,-0.5445452827299216
2016-04-27,0.2394395692492732,0.7843525923267307,-0.5449130230774575
2016-04-28,0.178197655423428,0.7835118921065708,-0.6053142366831428
2016-04-29,0.19056097465340044,0.7884219934944834,-0.5978610188410829
2016-05-02,0.1842872982648498,0.7807937472184411,-0.5965064489535913
2016-05-03,0.1758026103117605,0.7741216567054497,-0.5983190463936893
2016-05-04,0.1740708672717023,0.7761486750343833,-0.602077807762681
2016-05-05,0.16737142704808916,0.7765105005713313,-0.6091390735232421
2016-05-06,0.1634084034036327,0.7762537150911041,-0.6128453116874714
2016-05-09,0.15691227641626024,0.7828660669410944,-0.6259537905248341
2016-05-10,0.1997253324424849,0.788312548140223,-0.5885872156977381
2016-05-11,0.20702919550851728,0.7887478551691538,-0.5817186596606365
2016-05-12,0.21119591543976354,0.7893087558171323,-0.5781128403773688
2016-05-13,0.22787438228028276,0.7802544586022554,-0.5523800763219726
2016-05-16,0.19533879800607437,0.7766825313633414,-0.5813437333572671
2016-05-17,0.18767304616809305,0.7754232538487202,-0.5877502076806271
2016-05-18,0.18422871077237338,0.7762614760955681,-0.5920327653231947
2016-05-19,0.23101072421991473,0.7839668936697348,-0.5529561694498201
2016-05-20,0.25151396643973545,0.7793980204797449,-0.5278840540400095
2016-05-23,0.27354021281783636,0.7819564880380216,-0.5084162752201853
2016-05-24,0.2813883106765704,0.7822391204822821,-0.5008508098057116
2016-05-25,0.28260413412824686,0.7825670566410989,-0.49996292251285207
2016-05-26,0.2858720299929484,0.7809134248820638,-0.4950413948891154
2016-05-27,0.260294042677455,0.7863277157075935,-0.5260336730301385
2016-05-31,0.2616954576624204,0.7879419951961619,-0.5262465375337415
2016-06-01,0.26024082239332086,0.7851930750125781,-0.5249522526192572
2016-06-02,0.2495023871025315,0.7821633862668588,-0.5326609991643273
2016-06-03,0.2647728910469073,0.7856121527818776,-0.5208392617349702
2016-06-06,0.15877072693900607,0.7913727009801256,-0.6326019740411195
2016-06-07,0.14921032089914613,0.7907351884917417,-0.6415248675925956
2016-06-08,0.15850814885835696,0.7955951985217541,-0.6370870496633971
2016-06-09,0.2157411843592189,0.7891693851879835,-0.5734282008287646
2016-06-10,0.19594766113820367,0.7900260204094828,-0.594078359271279
2016-06-13,0.204791545380329,0.7917729577261303,-0.5869814123458013
2016-06-14,0.19161642289164588,0.7919891954803725,-0.6003727725887267
2016-06-15,0.18804582486508828,0.7918933175908587,-0.6038474927257704
2016-06-16,0.2163419414739677,0.7917533778138454,-0.5754114363398777
2016-06-17,0.24765608682855947,0.7926553086017432,-0.5449992217731837
2016-06-20,0.2340889863444327,0.7930517971605819,-0.5589628108161493
2016-06-21,0.24988100583002718,0.7914769768389914,-0.5415959710089643
2016-06-22,0.23994493074198522,0.7920912038745389,-0.5521462731325537
2016-06-23,0.2526345404724823,0.7923148691076983,-0.5396803286352161
2016-06-24,0.2390257954887415,0.7900028567616294,-0.5509770612728879
2016-06-27,0.21367452024371025,0.7792175856023502,-0.56554306535864
2016-06-28,0.20325209392472127,0.7776026350249846,-0.5743505411002634
2016-06-29,0.20196545141160413,0.7716812108150769,-0.5697157594034727
2016-06-30,0.21687331464809176,0.763767221200301,-0.5468939065522093
2016-07-01,0.20457617631818054,0.7551923800569103,-0.5506162037387297
2016-07-05,0.21485381347580468,0.7510723766762181,-0.5362185632004134
2016-07-06,0.22160752017478053,0.7529598782482428,-0.5313523580734623
2016-07-07,0.22282484249707443,0.7507592640928993,-0.5279344215958248
2016-07-08,0.22120926464381885,0.7493994397260998,-0.5281901750822809
2016-07-11,0.22570923158083978,0.731380051385289,-0.5056708198044493
2016-07-12,0.21080079424291692,0.7281878357480942,-0.5173870415051773
2016-07-13,0.16692107427027547,0.7316290260207898,-0.5647079517505144
2016-07-14,0.14842960665334404,0.7321538325581707,-0.5837242259048266
2016-07-15,0.14232072679860522,0.7296384231149099,-0.5873176963163047
2016-07-18,0.14889961539415986,0.7324609615830553,-0.5835613461888954
2016-07-19,0.14093022279549103,0.7333819633909578,-0.5924517405954668
2016-07-20,0.13768531419997204,0.7335643034709031,-0.5958789892709311
2016-07-21,0.15407375878517005,0.7415914982589136,-0.5875177394737435
2016-07-22,0.1679222323696299,0.7452536755406602,-0.5773314431710304
2016-07-25,0.15554627499270995,0.7469065725288536,-0.5913602975361436
2016-07-26,0.17777663380287947,0.7484152616033168,-0.5706386278004374
2016-07-27,0.17010026948366808,0.7462154140765433,-0.5761151445928753
2016-07-28,0.18322454577489272,0.7569125670850888,-0.573688021310196
2016-07-29,0.17589538940220042,0.7565077673332239,-0.5806123779310235
2016-08-01,0.1321275066623365,0.7572037095171288,-0.6250762028547923
2016-08-02,0.11761255649405336,0.7563276077614002,-0.6387150512673468
2016-08-03,0.11771317420980805,0.7533564166942084,-0.6356432424844003
2016-08-04,0.11583439295573285,0.7556682961703332,-0.6398339032146003
2016-08-05,0.09268440632413363,0.7536599656050322,-0.6609755592808986
2016-08-08,0.11602774366114509,0.7625908725987612,-0.6465631289376161
2016-08-09,0.11675856522319214,0.7587675239329726,-0.6420089587097805
2016-08-10,0.11540286409536715,0.7683482584129223,-0.6529453943175552
2016-08-11,0.10196631832460627,0.7683266706194223,-0.666360352294816
2016-08-12,0.10186716456297384,0.7714649627046087,-0.6695977981416349
2016-08-15,0.1047766858332577,0.7702878363475049,-0.6655111505142471
2016-08-16,0.17095262755970259,0.7568562287020364,-0.5859036011423338
2016-08-17,0.16424473336359055,0.7551284319687527,-0.5908836986051621
2016-08-18,0.16459237286378223,0.7540956809254923,-0.58950330806171
2016-08-19,0.13938993377558542,0.7578359121518716,-0.6184459783762862
2016-08-22,0.1343833719037129,0.7601219894588892,-0.6257386175551762
2016-08-23,0.1319500278818226,0.7549172600413249,-0.6229672321595022
2016-08-24,0.13530427385557528,0.7555815519046732,-0.6202772780490979
2016-08-25,0.14553008920579508,0.7577719629319362,-0.612241873726141
2016-08-26,0.1294851134193327,0.7557833217432615,-0.6262982083239288
2016-08-29,0.10801691087287274,0.7543897782793269,-0.6463728674064542
2016-08-30,0.0964089905346564,0.7551132289290262,-0.6587042383943698
2016-08-31,0.10618572937438794,0.7595914745369586,-0.6534057451625707
2016-09-01,0.14399658196039972,0.7552952397619834,-0.6112986578015838
2016-09-02,0.14990668294818196,0.7599397359651637,-0.6100330530169817
2016-09-06,0.1647841268015643,0.7667667600029835,-0.6019826332014192
2016-09-07,0.27498776348383547,0.774924564454422,-0.49993680097058657
2016-09-08,0.27437655914953335,0.7742394911020312,-0.4998629319524978
2016-09-09,0.30621225833328863,0.7749976751107617,-0.46878541677747304
2016-09-12,0.1874834326212295,0.7699637592433607,-0.5824803266221312
2016-09-13,0.18870353110608926,0.7707891958901406,-0.5820856647840513
2016-09-14,0.1863362324516424,0.7720622347060957,-0.5857260022544533
2016-09-15,0.16290855893082792,0.7751255836947626,-0.6122170247639347
2016-09-16,0.15644188677434584,0.773248409503341,-0.6168065227289952
2016-09-19,0.16906954028873766,0.7728157692547445,-0.6037462289660068
2016-09-20,0.22157745621195435,0.7693705540306334,-0.547793097818679
2016-09-21,0.2151736637622022,0.7637497429002029,-0.5485760791380008
2016-09-22,0.18776399523019968,0.7718430559812804,-0.5840790607510807
2016-09-23,0.2057104072481215,0.7743892441710095,-0.568678836922888
2016-09-26,0.20023430390310365,0.7713452315484751,-0.5711109276453714
2016-09-27,0.19804462060521713,0.7684387555088104,-0.5703941349035933
2016-09-28,0.21886209743819776,0.7701679972199827,-0.551305899781785
2016-09-29,0.23381332845901795,0.7695253781544077,-0.5357120496953898
2016-09-30,0.14444220565425211,0.7588320004559753,-0.6143897948017232
2016-10-03,0.1564456027298311,0.7570185906028827,-0.6005729878730516
2016-10-04,0.18086801418479928,0.7522320370732419,-0.5713640228884427
2016-10-05,0.2517407930039273,0.7793951973903641,-0.5276544043864368
2016-10-06,0.24539196555005763,0.7794129859813548,-0.5340210204312972
2016-10-07,0.20723591228198635,0.781079113564651,-0.5738432012826646
2016-10-10,0.22430371140936595,0.779979776125939,-0.555676064716573
2016-10-11,0.22266511588346846,0.7743992727069048,-0.5517341568234363
2016-10-12,0.2231691207942106,0.7793424568003859,-0.5561733360061754
2016-10-13,0.22412150667817338,0.7795118359044725,-0.5553903292262992
2016-10-14,0.23940553222918182,0.7784998501544363,-0.5390943179252545
2016-10-17,0.21396504887231277,0.7799906849727031,-0.5660256361003904
2016-10-18,0.19709025646884515,0.7812104489708618,-0.5841201925020166
2016-10-19,0.2141870335771073,0.7827276249010221,-0.5685405913239148
2016-10-20,0.2028362430196274,0.7816595260813921,-0.5788232830617647
2016-10-21,0.20573468471101108,0.7882683988441115,-0.5825337141331004
2016-10-24,0.19374861343662692,0.7882120379228621,-0.5944634244862352
2016-10-25,0.20906330639461798,0.7883162032636397,-0.5792528968690217
2016-10-26,0.1745225555837473,0.7866589245788121,-0.6121363689950649
2016-10-27,0.1751724872522024,0.7876313531031643,-0.612458865850962
2016-10-28,0.19152419966072665,0.7877330026780863,-0.5962088030173597
2016-10-31,0.16259554462624146,0.782943241213625,-0.6203476965873835
2016-11-01,0.15389859656173882,0.7825542384418056,-0.6286556418800668
2016-11-02,0.1489178483520721,0.7821468344242976,-0.6332289860722254
2016-11-03,0.11892472049698274,0.7830686364260744,-0.6641439159290916
2016-11-04,0.13438261775549565,0.7780070987435599,-0.6436244809880642
2016-11-07,0.13667216793871365,0.7772982544646713,-0.6406260865259576
2016-11-08,0.14947100560117807,0.7704009932962791,-0.620929987695101
2016-11-09,0.12269217132993468,0.7642757821062062,-0.6415836107762715
2016-11-10,0.12361242830481432,0.766721260113002,-0.6431088318081877
2016-11-11,0.08739607306462334,0.7486550660973657,-0.6612589930327423
2016-11-14,0.1393006326446961,0.7618370774346543,-0.6225364447899582
2016-11-15,0.11965476569105482,0.7661746362349786,-0.6465198705439238
2016-11-16,0.0677768826099202,0.8150854952885281,-0.7473086126786079
2016-11-17,0.06201929181235934,0.8178721272003999,-0.7558528353880406
2016-11-18,0.0681890257435388,0.8266223981258566,-0.7584333723823178
2016-11-21,0.10463706186599209,0.8284050766157379,-0.7237680147497458
2016-11-22,0.09336902818487194,0.8294523493966309,-0.736083321211759
2016-11-23,0.11326526118589414,0.8231240767012884,-0.7098588155153942
2016-11-25,0.10600373202002483,0.8186342925415057,-0.7126305605214809
2016-11-28,0.09252989854537594,0.8127822709274873,-0.7202523723821114
2016-11-29,0.08959606048242633,0.814947711700328,-0.7253516512179017
2016-11-30,0.04777938278068659,0.814194578177425,-0.7664151953967384
2016-12-01,0.04009257220289366,0.8186965848381796,-0.778604012635286
2016-12-02,0.07656701944739827,0.8234479646508356,-0.7468809452034373
2016-12-05,0.068624845022349,0.8221219272443332,-0.7534970822219842
2016-12-06,0.05136019637270604,0.8192959240759551,-0.767935727703249
2016-12-07,0.03798516366480434,0.8191083149644841,-0.7811231512996798
2016-12-08,0.022608020147726116,0.8164383785332805,-0.7938303583855544
2016-12-09,0.024577063473174107,0.8195867156575318,-0.7950096521843577
2016-12-12,0.027540715984920576,0.8146187862389285,-0.7870780702540079
2016-12-13,0.01838795408356687,0.8091377421038661,-0.7907497880202993
2016-12-14,0.01054457408512507,0.8082380154907992,-0.7976934414056741
2016-12-15,0.020615142783500146,0.8020872790915885,-0.7814721363080883
2016-12-16,0.07834874615059209,0.8021071470919714,-0.7237584009413793
2016-12-19,0.10264007514271413,0.7909925153389019,-0.6883524401961878
2016-12-20,0.09270098477942672,0.7856231377865482,-0.6929221530071216
2016-12-21,0.07004917141313309,0.7805232806019611,-0.710474109188828
2016-12-22,0.07693427768160369,0.7781484179224956,-0.7012141402408919
2016-12-23,0.05686711230333827,0.7767276491283474,-0.7198605368250091
2016-12-27,0.04997708176151841,0.7738130169744574,-0.723835935212939
2016-12-28,0.06758044535888522,0.7767478803078106,-0.7091674349489254
2016-12-29,0.0643704829545951,0.7672771668251552,-0.7029066838705601
2016-12-30,0.0771194939904722,0.7643560632944147,-0.6872365693039425
2017-01-03,0.07458005873199045,0.7643928668775386,-0.6898128081455481
2017-01-04,0.07466328849347256,0.7666367066327763,-0.6919734181393037
2017-01-05,0.07815277332799346,0.766874027068216,-0.6887212537402225
2017-01-06,0.08803509916824831,0.7665033000485157,-0.6784682008802674
2017-01-09,0.07814617727008237,0.7659624076146836,-0.6878162303446013
2017-01-10,0.07081547632326167,0.7661171217674868,-0.6953016454442251
2017-01-11,0.07719812119054997,0.7687938850872672,-0.6915957638967172
2017-01-12,0.06618935319882754,0.7669993087513397,-0.7008099555525121
2017-01-13,0.07205267789125855,0.7645328060310133,-0.6924801281397547
2017-01-17,0.10416175016883393,0.7704734764598083,-0.6663117262909745
2017-01-18,0.14558426565443014,0.7762650506825283,-0.6306807850280981
2017-01-19,0.13305822591534824,0.7724012718752502,-0.639343045959902
2017-01-20,0.12866683583300315,0.7721999985941782,-0.6435331627611751
2017-01-23,0.11985419916727452,0.7733789793897784,-0.6535247802225039
2017-01-24,0.12957627749937367,0.7735887237791927,-0.6440124462798191
2017-01-25,0.11199886895863057,0.771996979821678,-0.6599981108630475
2017-01-26,0.12389930534390955,0.7726760905703561,-0.6487767852264466
2017-01-27,0.22211329987076514,0.7726058008493701,-0.550492500978605
2017-01-30,0.25458511344887846,0.7655032438834377,-0.5109181304345592
2017-01-31,0.23088355065544205,0.7520803131450187,-0.5211967624895766
2017-02-01,0.2336926085611723,0.7608695823618966,-0.5271769738007244
2017-02-02,0.22666488942014087,0.7599925839150612,-0.5333276944949203
2017-02-03,0.20116796512153404,0.7581448711417393,-0.5569769060202053
2017-02-06,0.211139202201764,0.7583500949011545,-0.5472108926993905
2017-02-07,0.21675046324579697,0.7598922429701302,-0.5431417797243333
2017-02-08,0.23810161832595061,0.7594583639139749,-0.5213567455880244
2017-02-09,0.2301723484537066,0.7615507466996841,-0.5313783982459775
2017-02-10,0.2436469804924842,0.7614591476175121,-0.5178121671250279
2017-02-13,0.22346846360657668,0.7633302986552096,-0.5398618350486329
2017-02-14,0.24967336603590126,0.7638240107131429,-0.5141506446772416
2017-02-15,0.2553376407882304,0.7539805951020678,-0.4986429543138374
2017-02-16,0.26219855100783074,0.7533302125765053,-0.4911316615686746
2017-02-17,0.27462441233920265,0.7578475723140765,-0.48322315997487386
2017-02-21,0.2776454012602863,0.761820542583864,-0.4841751413235777
2017-02-22,0.24967166115038034,0.7598449084425127,-0.5101732472921324
2017-02-23,0.2473995687194451,0.761160301857258,-0.5137607331378129
2017-02-24,0.2406533526917694,0.7618080467827807,-0.5211546940910112
2017-02-27,0.2836689791300358,0.765591918020839,-0.48192293889080323
2017-02-28,0.2593407290116765,0.7696441191055873,-0.5103033900939108
2017-03-01,0.19690967186282934,0.7243556570012348,-0.5274459851384055
2017-03-02,0.24765270152779953,0.723407267948539,-0.47575456642073954
2017-03-03,0.20327986347726848,0.7263473160759656,-0.5230674525986971
2017-03-06,0.1963310288954268,0.7246836827420696,-0.5283526538466428
2017-03-07,0.21371315750689693,0.7254383103111212,-0.5117251528042243
2017-03-08,0.1981273413353234,0.7276100191316551,-0.5294826777963317
2017-03-09,0.21326924068043038,0.7294098815402159,-0.5161406408597855
2017-03-10,0.21218553452986638,0.7315264307424036,-0.5193408962125372
2017-03-13,0.21371227029601494,0.7323992598391924,-0.5186869895431775
2017-03-14,0.2359095197748431,0.7320119249720651,-0.49610240519722204
2017-03-15,0.1955454334551003,0.7306932109074263,-0.535147777452326
2017-03-16,0.20192632069901048,0.7436233074050387,-0.5416969867060282
2017-03-17,0.19751619851466137,0.7413146320636955,-0.5437984335490341
2017-03-20,0.19166191550500514,0.7416031495882662,-0.5499412340832611
2017-03-21,0.22541923474832448,0.7420241087501324,-0.5166048740018079
2017-03-22,0.2049946858585358,0.7403416111007266,-0.5353469252421907
2017-03-23,0.19013892278191719,0.7388754783184175,-0.5487365555365002
2017-03-24,0.18055728410644897,0.7382963718739504,-0.5577390877675014
2017-03-27,0.17572310884014247,0.7370828431830093,-0.5613597343428669
2017-03-28,0.22932292205392482,0.7376741145855756,-0.5083511925316508
2017-03-29,0.2008261661707697,0.7355044939538822,-0.5346783277831124
2017-03-30,0.1790603601705271,0.7345110218262998,-0.5554506616557727
2017-03-31,0.1635940746268916,0.7424998725157984,-0.5789057978889068
2017-04-03,0.1968553095643678,0.7427744151945348,-0.545919105630167
2017-04-04,0.15836412181341064,0.7459510480926771,-0.5875869262792665
2017-04-05,0.15458928631983282,0.7507759853854051,-0.5961866990655723
2017-04-06,0.15914375100023842,0.7511053246026489,-0.5919615736024104
2017-04-07,0.176778748232751,0.7775178246990386,-0.6007390764662877
2017-04-10,0.1259650058220998,0.7455551594839371,-0.6195901536618373
2017-04-11,0.1755712745487531,0.7434519307540515,-0.5678806562052984
2017-04-12,0.1831612751034981,0.7476389349450823,-0.5644776598415842
2017-04-13,0.2534675326402345,0.7483631534945073,-0.4948956208542728
2017-04-17,0.22472318554117138,0.7469836504912417,-0.5222604649500704
2017-04-18,0.2093038536839544,0.7468287778215964,-0.537524924137642
2017-04-19,0.19272105809005358,0.7426149328153745,-0.5498938747253209
2017-04-20,0.19813256283129138,0.7460081730475857,-0.5478756102162943
2017-04-21,0.18408947903283182,0.7365217053334758,-0.552432226300644
2017-04-24,0.18604243358580005,0.7448487801308794,-0.5588063465450793
2017-04-25,0.18962264451079855,0.7422726557376678,-0.5526500112268692
2017-04-26,0.20834763492983155,0.7513615437919454,-0.5430139088621139
2017-04-27,0.15814401956937746,0.7479680017764702,-0.5898239822070928
2017-04-28,0.1880065344780458,0.7496396229146602,-0.5616330884366144
2017-05-01,0.1562085939515219,0.7455607208572701,-0.5893521269057482
2017-05-02,0.16034780599371343,0.7576172104004486,-0.5972694044067351
2017-05-03,0.1693938810663925,0.7574961291695993,-0.5881022481032068
2017-05-04,0.20586854511724337,0.7747505827780621,-0.5688820376608187
2017-05-05,0.23592116666036425,0.7754574605696578,-0.5395362939092936
2017-05-08,0.2480119994049767,0.7742976759797267,-0.5262856765747499
2017-05-09,0.22865040107412665,0.7755785990534896,-0.546928197979363
2017-05-10,0.21385384846984665,0.7754685833241153,-0.5616147348542686
2017-05-11,0.23855651294505156,0.7834767871803646,-0.5449202742353131
2017-05-12,0.2997152867591222,0.7817636943079204,-0.4820484075487982
2017-05-15,0.2577615808619034,0.7809636720369216,-0.5232020911750181
2017-05-16,0.2741223794111968,0.7869860526807059,-0.5128636732695091
2017-05-17,0.2479483062878045,0.7996151991381734,-0.5516668928503689
2017-05-18,0.1960632579530226,0.7834879299602582,-0.5874246720072356
2017-05-19,0.2304631604798842,0.7878904488748485,-0.5574272883949642
2017-05-22,0.20456797606141397,0.79046462897905,-0.585896652917636
2017-05-23,0.1930396127002306,0.7861943149646344,-0.5931547022644038
2017-05-24,0.19889094369669474,0.7859695424711316,-0.5870785987744369
2017-05-25,0.20358861166891518,0.7890673529623901,-0.5854787412934749
2017-05-26,0.23450395591129014,0.7865078101847526,-0.5520038542734624
2017-05-30,0.239277306086126,0.7875559713210482,-0.5482786652349222
2017-05-31,0.22621592247010525,0.7831451119211651,-0.5569291894510598
2017-06-01,0.2056815018736762,0.7788349564025084,-0.5731534545288323
2017-06-02,0.20962382920442116,0.7775002458661405,-0.5678764166617194
2017-06-05,0.21681875980647103,0.7821099031481016,-0.5652911433416306
2017-06-06,0.20482078467808223,0.7823941576244785,-0.5775733729463963
2017-06-07,0.21757276303216727,0.7834730070516234,-0.565900244019456
2017-06-08,0.20072874759031564,0.784669624539357,-0.5839408769490413
2017-06-09,0.21883478262466582,0.7869268850762322,-0.5680921024515664
2017-06-12,0.22206505484987119,0.7814497970032551,-0.559384742153384
2017-06-13,0.21153812028549826,0.7786376640037482,-0.56709954371825
2017-06-14,0.20167645241788965,0.7770130633690694,-0.5753366109511797
2017-06-15,0.189209768507082,0.7732481953620146,-0.5840384268549326
2017-06-16,0.17678078614245166,0.772646328656582,-0.5958655425141304
2017-06-19,0.17294588396926472,0.7715497854902752,-0.5986039015210105
2017-06-20,0.20126256257380523,0.7741432441632716,-0.5728806815894664
2017-06-21,0.17208301308527643,0.7714976586743896,-0.5994146455891132
2017-06-22,0.157147259936856,0.7776627369712075,-0.6205154770343515
2017-06-23,0.18454563499253818,0.7787054137458251,-0.594159778753287
2017-06-26,0.15800936920612849,0.767940962430552,-0.6099315932244235
2017-06-27,0.16559846925964158,0.768150319296372,-0.6025518500367304
2017-06-28,0.15315252170530794,0.7742247302078767,-0.6210722085025688
2017-06-29,0.15504011164551249,0.7721901958382804,-0.617150084192768
2017-06-30,0.1823002420767991,0.767637873961687,-0.585337631884888
2017-07-03,0.1739079148845582,0.7672979573306232,-0.593390042446065
2017-07-05,0.26375771117544344,0.7832867469786622,-0.5195290358032187
2017-07-06,0.2431596444708135,0.7771507691260665,-0.533991124655253
2017-07-07,0.24928428802680527,0.7814819681845132,-0.532197680157708
2017-07-10,0.2999169001894778,0.786356150113299,-0.48643924992382115
2017-07-11,0.2803386223126747,0.7869890711937164,-0.5066504488810417
2017-07-12,0.27232347864899975,0.7845331917129441,-0.5122097130639444
2017-07-13,0.2585032821477576,0.7838275195652921,-0.5253242374175344
2017-07-14,0.2502505325886329,0.7818652690225741,-0.5316147364339412
2017-07-17,0.22796687167866853,0.7860855699803688,-0.5581186983017004
2017-07-18,0.23625989928159297,0.7874722699126983,-0.5512123706311053
2017-07-19,0.24612829195495992,0.7889787580954357,-0.5428504661404758
2017-07-20,0.2372845859769644,0.7865735951955554,-0.5492890092185909
2017-07-21,0.21030907964151255,0.7858358562743812,-0.5755267766328687
2017-07-24,0.22419456018780576,0.7899225892875635,-0.5657280290997577
2017-07-25,0.2256628678554877,0.7921129767500112,-0.5664501088945235
2017-07-26,0.25484927494181,0.78358697597708,-0.5287377010352701
2017-07-27,0.269233420873919,0.7929301630731275,-0.5236967421992085
2017-07-28,0.2671049242017896,0.7913703411692992,-0.5242654169675096
2017-07-31,0.3101012571893948,0.7888004408611496,-0.47869918367175485
2017-08-01,0.26127459670769065,0.7844802195140735,-0.5232056228063828
2017-08-02,0.26030866885262166,0.7825561673969834,-0.5222474985443617
2017-08-03,0.23277943985659957,0.782866123464213,-0.5500866836076135
2017-08-04,0.22331469973095952,0.7835550111551328,-0.5602403114241733
2017-08-07,0.2558278133502023,0.7872938457530188,-0.5314660324028164
2017-08-08,0.2503601666117158,0.7685239929488997,-0.5181638263371839
2017-08-09,0.2567716510576197,0.7677121526613764,-0.5109405016037567
2017-08-10,0.3143743575369586,0.7777109891663059,-0.4633366316293473
2017-08-11,0.3076363869474673,0.781533902850503,-0.47389751590303564
2017-08-14,0.3003157322851098,0.7791159011759129,-0.47880016889080307
2017-08-15,0.2796315405522007,0.7757956700095847,-0.49616412945738403
2017-08-16,0.29406054093392675,0.7803204408457761,-0.48625989991184937
2017-08-17,0.3302040185039195,0.7811204443872504,-0.45091642588333086
2017-08-18,0.3080538780215917,0.7780615166142315,-0.47000763859263983
2017-08-21,0.28597407428222177,0.7817514123336844,-0.4957773380514626
2017-08-22,0.2825613315091738,0.7794348145589443,-0.49687348304977047
2017-08-23,0.2621194483254065,0.7773327950469268,-0.5152133467215203
2017-08-24,0.2894339267049534,0.778001999198282,-0.48856807249332856
2017-08-25,0.2620042309894195,0.7813915203921108,-0.5193872894026913
2017-08-28,0.2641179522387863,0.7818628886066602,-0.5177449363678739
2017-08-29,0.31028420294807624,0.7940496375055036,-0.4837654345574274
2017-08-30,0.30349463507124136,0.7946112337823654,-0.49111659871112406
2017-08-31,0.2911485070490821,0.803877573106137,-0.5127290660570549
2017-09-01,0.307023970382095,0.8057455759483474,-0.4987216055662524
2017-09-05,0.30212366177871536,0.7992318132541391,-0.4971081514754237
2017-09-06,0.2999546155982726,0.7993486596671838,-0.49939404406891125
2017-09-07,0.3078074818131574,0.7975127087880008,-0.4897052269748434
2017-09-08,0.3305639551094216,0.8007665088897888,-0.47020255378036724
2017-09-11,0.3219878714010951,0.8068405224090107,-0.48485265100791564
2017-09-12,0.3325610703658638,0.8085867737886997,-0.4760257034228359
2017-09-13,0.3361094633684424,0.8121841952292079,-0.47607473186076554
2017-09-14,0.3731386961014461,0.8143279114762493,-0.44118921537480316
2017-09-15,0.3639713167884174,0.8160579804640753,-0.4520866636756579
2017-09-18,0.3530185877866873,0.8122504230266534,-0.4592318352399661
2017-09-19,0.42661817817214825,0.8248427417948673,-0.398224563622719
2017-09-20,0.4238396361662324,0.8245572629871311,-0.4007176268208987
2017-09-21,0.41846564922211676,0.8294574741404975,-0.41099182491838077
2017-09-22,0.4144471594417424,0.8269199870430242,-0.4124728276012818
2017-09-25,0.4113909716564304,0.8260627313646991,-0.4146717597082687
2017-09-26,0.46923879214810466,0.8187392455349456,-0.34950045338684094
2017-09-27,0.4631364874738343,0.8235490567868088,-0.3604125693129745
2017-09-28,0.43167209594272804,0.8202790949942873,-0.38860699905155927
2017-09-29,0.43066825889671795,0.8198350791195407,-0.38916682022282273
2017-10-02,0.431033930019621,0.8204984391555026,-0.3894645091358816
2017-10-03,0.4047075019617332,0.8201215852084487,-0.41541408324671547
2017-10-04,0.4001137892525981,0.8193746523692905,-0.4192608631166924
2017-10-05,0.3936537539770484,0.8181688983922719,-0.42451514441522353
2017-10-06,0.36227928339880416,0.8163836589161326,-0.45410437551732846
2017-10-09,0.3703647642117396,0.8168642549256742,-0.4464994907139346
2017-10-10,0.38213684875501386,0.8403052349490143,-0.45816838619400047
2017-10-11,0.39533874523405854,0.8370015606761272,-0.44166281544206865
2017-10-12,0.3943145218040254,0.8372961068237189,-0.44298158501969354
2017-10-13,0.406260789775537,0.840608369815106,-0.434347580039569
2017-10-16,0.4109764533243789,0.8425341815056799,-0.43155772818130106
2017-10-17,0.46428374830346947,0.8435542530301662,-0.3792705047266967
2017-10-18,0.4733313063362689,0.8450258320174682,-0.37169452568119926
2017-10-19,0.4328727628112662,0.8426294752363392,-0.40975671242507306
2017-10-20,0.4602825866934191,0.8484113387039782,-0.38812875201055913
2017-10-23,0.45607445255123585,0.8554150969051452,-0.3993406443539093
2017-10-24,0.45113127381024076,0.8555803121148702,-0.4044490383046294
2017-10-25,0.459813527734319,0.8540900544616112,-0.39427652672729224
2017-10-26,0.4756199118374779,0.8540585271764565,-0.37843861533897855
2017-10-27,0.4088305045299386,0.8575503844578818,-0.4487198799279432
2017-10-30,0.43229386354347316,0.8569552500022046,-0.42466138645873147
2017-10-31,0.4337679069749961,0.8553866407899422,-0.4216187338149461
2017-11-01,0.40450016188033866,0.8537047164119466,-0.4492045545316079
2017-11-02,0.3877899560720358,0.8477518036369086,-0.4599618475648728
2017-11-03,0.38472445433730873,0.8498407436989032,-0.46511628936159444
2017-11-06,0.3942291327529716,0.8529645885913322,-0.45873545583836056
2017-11-07,0.4250866930623264,0.8550955942331919,-0.43000890117086554
2017-11-08,0.4039774506018318,0.8543507520240459,-0.45037330142221405
2017-11-09,0.3872687656540085,0.8524256711885152,-0.4651569055345067
2017-11-10,0.3782874396223311,0.8511349887139518,-0.4728475490916207
2017-11-13,0.3788605337714886,0.8532777857083195,-0.4744172519368309
2017-11-14,0.361758810751451,0.8518600924992834,-0.4901012817478324
2017-11-15,0.35209089954046024,0.8505920377760913,-0.498501138235631
2017-11-16,0.34113673629553815,0.8522240124887387,-0.5110872761932006
2017-11-17,0.343670063892984,0.850354287623955,-0.506684223730971
2017-11-20,0.3444378863304094,0.8520730420922594,-0.50763515576185
2017-11-21,0.38813321308816723,0.8566684166077133,-0.4685352035195461
2017-11-22,0.40008280684776326,0.8570406355459244,-0.4569578286981611
2017-11-24,0.3699328335666682,0.8479885852829455,-0.47805575171627734
2017-11-27,0.3630970408816375,0.8563263091426166,-0.4932292682609791
2017-11-28,0.35343476988781575,0.8551302716520416,-0.5016955017642258
2017-11-29,0.29710948124899467,0.8470470444629054,-0.5499375632139107
2017-11-30,0.30462537412726265,0.8491926867780354,-0.5445673126507727
2017-12-01,0.3246802364581746,0.8526846643238601,-0.5280044278656855
2017-12-04,0.31364703426983687,0.8515711764071068,-0.5379241421372699
2017-12-05,0.32011516895199726,0.8543108327141264,-0.5341956637621292
2017-12-06,0.3021783096654893,0.854197085468704,-0.5520187758032147
2017-12-07,0.32926186681044173,0.8531185869352895,-0.5238567201248479
2017-12-08,0.35978943467888486,0.8539261047678627,-0.4941366700889778
2017-12-11,0.35690302657579975,0.8524183580661833,-0.4955153314903835
2017-12-12,0.3717514592981757,0.8530129500443132,-0.4812614907461375
2017-12-13,0.3546440880420129,0.8508778285959342,-0.4962337405539213
2017-12-14,0.3737986061698336,0.8538651841639538,-0.4800665779941202
2017-12-15,0.383073980478006,0.8550211935471548,-0.4719472130691488
2017-12-18,0.365388520148077,0.8528595618224086,-0.48747104167433164
2017-12-19,0.3953879780481019,0.8532800229563643,-0.4578920449082624
2017-12-20,0.3516497996018953,0.8525014518903647,-0.5008516522884694
2017-12-21,0.3456115999633463,0.8533633216462778,-0.5077517216829315
2017-12-22,0.3540025113579922,0.8535956562688511,-0.49959314491085893
2017-12-26,0.34729089902685434,0.8548380033641295,-0.5075471043372752
2017-12-27,0.39432740998647137,0.8565631004119758,-0.46223569042550444
2017-12-28,0.3340430584900415,0.8557979288327281,-0.5217548703426866
2017-12-29,0.32270313779345083,0.8566784049339933,-0.5339752671405424
2018-01-02,0.32669237641314336,0.8601796315328417,-0.5334872551196983
2018-01-03,0.35848229245921803,0.8573779325958678,-0.4988956401366498
2018-01-04,0.3672940157857955,0.855349128506426,-0.48805511272063046
2018-01-05,0.3659839384132611,0.8577462462365916,-0.49176230782333047
2018-01-08,0.3630185573524207,0.8610851980425059,-0.4980666406900852
2018-01-09,0.3625353264241754,0.8617911182473632,-0.4992557918231878
2018-01-10,0.4167857725882316,0.8681835886067407,-0.45139781601850915
2018-01-11,0.3906322016602505,0.8718496669560835,-0.481217465295833
2018-01-12,0.38084188884257714,0.8705126656792697,-0.4896707768366925
2018-01-16,0.41070301093622363,0.8770328840032728,-0.4663298730670492
2018-01-17,0.37821621225226976,0.8791030053281046,-0.5008867930758348
2018-01-18,0.39406335300560147,0.8806808025561523,-0.48661744955055086
2018-01-19,0.38061612630136127,0.8805408187561108,-0.4999246924547495
2018-01-22,0.39340150410585345,0.8805236869501022,-0.48712218284424874
2018-01-23,0.44382026905584604,0.8721231763182619,-0.4283029072624158
2018-01-24,0.4401738741279768,0.8711161106649074,-0.43094223653693053
2018-01-25,0.4910258936275377,0.8738963073169469,-0.3828704136894092
2018-01-26,0.524061207695615,0.8747916531026643,-0.35073044540704923
2018-01-29,0.5257977737072653,0.873635366756426,-0.3478375930491606
2018-01-30,0.5291535144971421,0.8744118146345884,-0.3452583001374463
2018-01-31,0.5219487741817086,0.8757262338719736,-0.353777459690265
2018-02-01,0.523947683314748,0.8748111821314973,-0.3508634988167494
2018-02-02,0.5068754172997737,0.8689159326156745,-0.36204051531590076
2018-02-05,0.5657506014405635,0.871077624896044,-0.30532702345548046
2018-02-06,0.5629558597076513,0.8711212802535883,-0.308165420545937
2018-02-07,0.5459507802559858,0.8653960910893291,-0.3194453108333434
2018-02-08,0.5498172455112607,0.8666792994306842,-0.31686205391942357
2018-02-09,0.5513841417046549,0.8659041099566345,-0.3145199682519796
2018-02-12,0.5306371058099166,0.8624381378608384,-0.3318010320509218
2018-02-13,0.5307296255182118,0.8631195404463808,-0.33238991492816905
2018-02-14,0.5103007828369266,0.8609909646242996,-0.350690181787373
2018-02-15,0.5271797125921471,0.8626197958685649,-0.3354400832764177
2018-02-16,0.5357108185439322,0.8637858839642757,-0.3280750654203435
2018-02-20,0.5704560695716823,0.8636941731634871,-0.2932381035918048
2018-02-21,0.5587044933809252,0.8568769614000059,-0.2981724680190807
2018-02-22,0.54710447745531,0.8585724244169461,-0.31146794696163616
2018-02-23,0.551960635339043,0.8596060185581053,-0.3076453832190622
2018-02-26,0.5361847349475608,0.8583558328251777,-0.3221710978776169
2018-02-27,0.5316197569909711,0.86026223689425,-0.3286424799032789
2018-02-28,0.4878116246200805,0.8621052750357789,-0.37429365041569845
2018-03-01,0.4928803302859465,0.8633199185804594,-0.3704395882945129
2018-03-02,0.48051079755573756,0.8632605287667254,-0.3827497312109879
2018-03-05,0.4711436502594357,0.8605831782222125,-0.3894395279627768
2018-03-06,0.46536264523685106,0.8590744303092286,-0.39371178507237753
2018-03-07,0.47804063492780313,0.8637813372273616,-0.3857407022995585
2018-03-08,0.4914380519274742,0.8650922796898132,-0.373654227762339
2018-03-09,0.47809738332139395,0.8634415984133598,-0.3853442150919658
2018-03-12,0.46287039012242776,0.8616931078415747,-0.39882271771914696
2018-03-13,0.46531259714716683,0.8605746971933826,-0.3952621000462158
2018-03-14,0.465301422088207,0.8591328707690694,-0.3938314486808624
2018-03-15,0.46820702328616015,0.8600792810535333,-0.3918722577673731
2018-03-16,0.432384908755233,0.8602200741520531,-0.42783516539682015
2018-03-19,0.4222398115877841,0.8586546867122062,-0.4364148751244221
2018-03-20,0.41313618974404404,0.8583489592061727,-0.4452127694621287
2018-03-21,0.41570901172928953,0.8583186456343345,-0.44260963390504493
2018-03-22,0.45700206150255973,0.8662915553822546,-0.4092894938796948
2018-03-23,0.4409174760307531,0.8656874123125597,-0.42476993628180665
2018-03-26,0.44496484881122467,0.8624966689327342,-0.4175318201215096
2018-03-27,0.43847775303871456,0.8635079476985292,-0.4250301946598147
2018-03-28,0.44362819485018856,0.8639764316677538,-0.4203482368175653
2018-03-29,0.46430609461737865,0.8761087724172056,-0.411802677799827
2018-04-02,0.45191231574599044,0.8756212453856287,-0.42370892963963824
2018-04-03,0.4501236942318874,0.8789815458960641,-0.4288578516641767
2018-04-04,0.4307528071206683,0.8808116889858267,-0.4500588818651584
2018-04-05,0.42878876679486255,0.8816784146702704,-0.45288964787540786
2018-04-06,0.3977245429663733,0.8731820995622536,-0.4754575565958803
2018-04-09,0.3875193797538099,0.8715364988601302,-0.4840171191063203
2018-04-10,0.3516853304247112,0.8719750694334446,-0.5202897390087334
2018-04-11,0.33956783494459636,0.8741678137189841,-0.5345999787743878
2018-04-12,0.32124761107954725,0.8732464892569859,-0.5519988781774386
2018-04-13,0.33706905475177773,0.8725718628374557,-0.535502808085678
2018-04-16,0.35354717030035876,0.8756458853616255,-0.5220987150612667
2018-04-17,0.35099758214144217,0.8745736022613138,-0.5235760201198716
2018-04-18,0.23892449568856258,0.8685495084371206,-0.6296250127485581
2018-04-19,0.2178805692848162,0.8462301077904457,-0.6283495385056295
2018-04-20,0.2094021361505018,0.8415974652212674,-0.6321953290707656
2018-04-23,0.21808412869463545,0.8418197724257817,-0.6237356437311462
2018-04-24,0.24237034488040018,0.8396578566155852,-0.597287511735185
2018-04-25,0.23359954024935664,0.8445121601196948,-0.6109126198703381
2018-04-26,0.24495528454726004,0.8447457214918745,-0.5997904369446145
2018-04-27,0.22850792536156644,0.84355804536146,-0.6150501199998935
2018-04-30,0.21404753671946816,0.8423571759218854,-0.6283096392024172
2018-05-01,0.24045003764877435,0.8440198560724872,-0.6035698184237128
2018-05-02,0.23967944102887773,0.8429696447269582,-0.6032902036980805
2018-05-03,0.2023600172177905,0.8368640583595722,-0.6345040411417817
2018-05-04,0.17559080068092475,0.8325385814597087,-0.656947780778784
2018-05-07,0.17529614798105786,0.8343061214155496,-0.6590099734344917
2018-05-08,0.16711591852110316,0.8333747521994215,-0.6662588336783183
2018-05-09,0.1612202091445995,0.8334005673611989,-0.6721803582165995
2018-05-10,0.17149705378022892,0.8294369087742244,-0.6579398549939954
2018-05-11,0.17539573777078538,0.8317113282780353,-0.65631559050725
2018-05-14,0.16357264367013638,0.8327285033837842,-0.6691558597136479
2018-05-15,0.15892373520143702,0.8334776440976801,-0.6745539088962431
2018-05-16,0.21225324374337234,0.8341964000591103,-0.621943156315738
2018-05-17,0.2065760171020089,0.8316095247461733,-0.6250335076441644
2018-05-18,0.19354879405444156,0.8319879294096948,-0.6384391353552532
2018-05-21,0.1856815457720057,0.830962865935958,-0.6452813201639523
2018-05-22,0.1794956639304272,0.8285932506415472,-0.64909758671112
2018-05-23,0.17671621129432818,0.827513382171985,-0.6507971708776568
2018-05-24,0.1404837748948206,0.8243999412989574,-0.6839161664041369
2018-05-25,0.1748016946340241,0.8263581588101551,-0.651556464176131
2018-05-29,0.18812269500238768,0.8228325156291248,-0.6347098206267372
2018-05-30,0.1962979929165955,0.8217430254460627,-0.6254450325294671
2018-05-31,0.1723868101664063,0.8213100738055428,-0.6489232636391364
2018-06-01,0.17194692643454323,0.821504919411614,-0.6495579929770707
2018-06-04,0.1630860262727569,0.8203287035678019,-0.6572426772950449
2018-06-05,0.1419395293827388,0.8192242128395111,-0.6772846834567723
2018-06-06,0.14755948601970978,0.8204640185316912,-0.6729045325119813
2018-06-07,0.1689443570367683,0.817873869445363,-0.6489295124085948
2018-06-08,0.17063869263991388,0.812486236118634,-0.6418475434787201
2018-06-11,0.23127690695056627,0.8133278196244171,-0.5820509126738509
2018-06-12,0.1681578725578324,0.8094989278411608,-0.6413410552833284
2018-06-13,0.1834177150130711,0.8097397132830119,-0.6263219982699407
2018-06-14,0.1626891897354074,0.808354001365438,-0.6456648116300305
2018-06-15,0.18537496774727058,0.8091319963160066,-0.623757028568736
2018-06-18,0.29193326731702296,0.824349706351673,-0.5324164390346501
2018-06-19,0.32950394866973365,0.8163887335948837,-0.4868847849251501
2018-06-20,0.2747133179470834,0.8137650180561632,-0.5390517001090798
2018-06-21,0.3085520962753832,0.8129826031762858,-0.5044305069009025
2018-06-22,0.26005871309449985,0.8110031252110559,-0.5509444121165561
2018-06-25,0.29653039420014854,0.8110843674763818,-0.5145539732762332
2018-06-26,0.20395071325063907,0.8088022760820737,-0.6048515628314346
2018-06-27,0.2200201952891552,0.8141784527677646,-0.5941582574786094
2018-06-28,0.24866572287655037,0.8110670489418788,-0.5624013260653284
2018-06-29,0.2342134094935934,0.8106868741033869,-0.5764734646097935
2018-07-02,0.24628003243527685,0.8147840830879338,-0.568504050652657
2018-07-03,0.26295151024542135,0.8205216009979758,-0.5575700907525545
2018-07-05,0.2408805184201055,0.8195760134474644,-0.578695495027359
2018-07-06,0.2800451688362141,0.8201650712289049,-0.5401199023926908
2018-07-09,0.26995126010612913,0.8187433480453642,-0.5487920879392351
2018-07-10,0.2519611298799438,0.8203672427347773,-0.5684061128548336
2018-07-11,0.23444094875700128,0.8140762198212712,-0.5796352710642699
2018-07-12,0.2933615709360533,0.8199186706288891,-0.5265570996928358
2018-07-13,0.27847483437558274,0.8225464683712332,-0.5440716339956505
2018-07-16,0.2779818663704448,0.8226176753568829,-0.544635808986438
2018-07-17,0.3007003183840898,0.8247075903174735,-0.5240072719333837
2018-07-18,0.2677062271701522,0.8257559106131769,-0.5580496834430246
2018-07-19,0.2547497777403779,0.8253847907967581,-0.5706350130563802
2018-07-20,0.280433764389458,0.8234869871808201,-0.5430532227913621
2018-07-23,0.2672953744489556,0.823406888775307,-0.5561115143263513
2018-07-24,0.25582919131652915,0.824361087968222,-0.5685318966516929
2018-07-25,0.27085617901503395,0.826173356178863,-0.555317177163829
2018-07-26,0.23085529499500237,0.8298912018259508,-0.5990359068309484
2018-07-27,0.2932857098991048,0.8326168143592656,-0.5393311044601607
2018-07-30,0.2822039941905138,0.8254235614386505,-0.5432195672481367
2018-07-31,0.24911953381785704,0.8238668349914645,-0.5747473011736075
2018-08-01,0.24055067554267148,0.8246378826437261,-0.5840872071010546
2018-08-02,0.23363732913332305,0.8260443993232874,-0.5924070701899644
2018-08-03,0.223458048446894,0.82555044210414,-0.602092393657246
2018-08-06,0.21518702183549032,0.8268255586990662,-0.6116385368635758
2018-08-07,0.2500171423268327,0.8275954368835546,-0.5775782945567219
2018-08-08,0.1769454118038389,0.8259591794895725,-0.6490137676857336
2018-08-09,0.16515965491277493,0.8264272496162971,-0.6612675947035221
2018-08-10,0.17323533814488787,0.8267886635067957,-0.6535533253619078
2018-08-13,0.17520005006308687,0.8233064810772197,-0.6481064310141329
2018-08-14,0.260493101463792,0.8194714092901241,-0.5589783078263321
2018-08-15,0.2845853652315292,0.8211348395357315,-0.5365494743042023
2018-08-16,0.3456200915239358,0.8366566691431542,-0.4910365776192184
2018-08-17,0.32954472743975943,0.8264683426939392,-0.4969236152541798
2018-08-20,0.3344531162548243,0.8269326828019855,-0.4924795665471612
2018-08-21,0.32121257347831944,0.8196870930335839,-0.49847451955526445
2018-08-22,0.31753156592667187,0.8185317964726668,-0.501000230545995
2018-08-23,0.3097160961694888,0.8123569294841082,-0.5026408333146194
2018-08-24,0.31908478561091697,0.8143532912995453,-0.4952685056886283
2018-08-27,0.3674795853537402,0.822486012869445,-0.4550064275157048
2018-08-28,0.3368658832527911,0.8302180009945597,-0.49335211774176857
2018-08-29,0.33979592084393706,0.836034550183388,-0.49623862933945095
2018-08-30,0.30069094989316686,0.8336619546694944,-0.5329710047763276
2018-08-31,0.32338972668915394,0.8337378464195977,-0.5103481197304438
2018-09-04,0.31670900813659814,0.8362376423955112,-0.5195286342589132
2018-09-05,0.302736903971856,0.8299752111492418,-0.5272383071773858
2018-09-06,0.270115550434361,0.8276321945907942,-0.5575166441564332
2018-09-07,0.2539422491283542,0.8252881669092392,-0.5713459177808851
2018-09-10,0.26814097457150987,0.8239759958148762,-0.5558350212433664
2018-09-11,0.24977474704004451,0.8406547845633555,-0.590880037523311
2018-09-12,0.23279256186113612,0.8429881659318551,-0.610195604070719
2018-09-13,0.2323983405483598,0.8438472042569535,-0.6114488637085936
2018-09-14,0.2529985274501214,0.8470613525307906,-0.5940628250806692
2018-09-17,0.2379892497244886,0.8471293586157331,-0.6091401088912445
2018-09-18,0.2051249180054273,0.8469134736691729,-0.6417885556637456
2018-09-19,0.22470661068528422,0.8473387578568119,-0.6226321471715277
2018-09-20,0.2215177951923855,0.8512649267020125,-0.629747131509627
2018-09-21,0.1785088639812978,0.8497390463488969,-0.671230182367599
2018-09-24,0.16859525927889493,0.8433675733361986,-0.6747723140573036
2018-09-25,0.15074610409171957,0.8496891257139472,-0.6989430216222277
2018-09-26,0.1353417743960806,0.8473390537928724,-0.7119972793967918
2018-09-27,0.16445204735607888,0.8474437058414477,-0.6829916584853688
2018-09-28,0.16581650031428768,0.8447643687861951,-0.6789478684719075
2018-10-01,0.16567411574623198,0.8440723453951919,-0.6783982296489599
2018-10-02,0.14739489325917668,0.8438720584326438,-0.6964771651734671
2018-10-03,0.17384894185142252,0.8423927492078156,-0.6685438073563931
2018-10-04,0.13941931066064384,0.8409265875760923,-0.7015072769154485
2018-10-05,0.15793552290913787,0.8386354141842541,-0.6806998912751163
2018-10-08,0.08131288481545851,0.8409904017159693,-0.7596775169005108
2018-10-09,0.09381681341438061,0.847193625828505,-0.7533768124141244
2018-10-10,0.08764585079967586,0.8472814824752195,-0.7596356316755436
2018-10-11,0.0681285222032308,0.842332097253919,-0.7742035750506882
2018-10-12,0.13577889508337587,0.8250152066093471,-0.6892363115259712
2018-10-15,0.08739203751437422,0.8180573874020461,-0.730665349887672
2018-10-16,0.12913731383965218,0.8194655925915989,-0.6903282787519467
2018-10-17,0.09071939135788933,0.8160296588274398,-0.7253102674695505
2018-10-18,0.08755897713952174,0.8160613180648802,-0.7285023409253585
2018-10-19,0.07331053825435706,0.8163335203683196,-0.7430229821139626
2018-10-22,0.06495530452516553,0.8168029179045343,-0.7518476133793688
2018-10-23,0.055899872032694316,0.8169270054207379,-0.7610271333880436
2018-10-24,0.03664887355400186,0.8210021460894279,-0.7843532725354261
2018-10-25,0.01985218516970983,0.8195461395272763,-0.7996939543575664
2018-10-26,0.07066467964506422,0.819049593667771,-0.7483849140227068
2018-10-29,0.05163745706015064,0.8240140196626237,-0.772376562602473
2018-10-30,0.025169557278351292,0.8224553107538695,-0.7972857534755182
2018-10-31,0.014783903987252345,0.8187911649906334,-0.804007261003381
2018-11-01,0.0057781256329382255,0.8211552798478381,-0.8153771542148999
2018-11-02,0.11209384245548193,0.8286504922304639,-0.716556649774982
2018-11-05,0.12140314364848276,0.829871387679668,-0.7084682440311851
2018-11-06,0.09653858706130973,0.8299792157093525,-0.7334406286480428
2018-11-07,0.07210643719537217,0.8173600594734474,-0.7452536222780752
2018-11-08,0.06728925553407775,0.8171813630886349,-0.7498921075545572
2018-11-09,0.04810165605408853,0.8173418041209249,-0.7692401480668364
2018-11-12,0.10888661600635943,0.8240475699707502,-0.7151609539643908
2018-11-13,0.10988956769854401,0.8267520877520106,-0.7168625200534666
2018-11-14,0.12111493005931669,0.8271393313030744,-0.7060244012437576
2018-11-15,0.15290570302842973,0.8289588661747731,-0.6760531631463433
2018-11-16,0.14192607699231558,0.8276569202002532,-0.6857308432079376
2018-11-19,0.14480119637577946,0.8279105301157972,-0.6831093337400177
2018-11-20,0.12367977278254277,0.8279214090380176,-0.7042416362554749
2018-11-21,0.124204609103965,0.8255161939667811,-0.7013115848628161
2018-11-23,0.15053603858851763,0.8189652756921677,-0.6684292371036501
2018-11-26,0.1307309475174013,0.814092146802719,-0.6833611992853177
2018-11-27,0.13792454153021508,0.8135008290915418,-0.6755762875613267
2018-11-28,0.12455191336897936,0.8142937920535533,-0.6897418786845739
2018-11-29,0.12906423558642766,0.8144293550696821,-0.6853651194832544
2018-11-30,0.1255261628385871,0.8136941863311087,-0.6881680234925216
2018-12-03,0.13063908537102498,0.8082050019410658,-0.6775659165700408
2018-12-04,0.13763702196066058,0.8103806739828517,-0.6727436520221912
2018-12-06,0.1436211422636114,0.8114124134117275,-0.6677912711481162
2018-12-07,0.14778498725898573,0.811364084634436,-0.6635790973754503
2018-12-10,0.11734598056989758,0.8115662744430387,-0.6942202938731412
2018-12-11,0.1506434361366026,0.8122863277856858,-0.6616428916490832
2018-12-12,0.19528280193282208,0.8114534071202314,-0.6161706051874093
2018-12-13,0.1739739712510305,0.8069463159495528,-0.6329723446985223
2018-12-14,0.15659673194750387,0.8034724761992685,-0.6468757442517646
2018-12-17,0.19021511274836173,0.8064547619444721,-0.6162396491961104
2018-12-18,0.18056080613846734,0.8052553891152655,-0.6246945829767981
2018-12-19,0.14158853078562644,0.8012691295510389,-0.6596805987654124
2018-12-20,0.1664900490438765,0.8013749733670874,-0.6348849243232109
2018-12-21,0.20348825653161087,0.8016506746335902,-0.5981624181019793
2018-12-24,0.2403964029626699,0.8026082520010623,-0.5622118490383925
2018-12-26,0.2959735676878263,0.8024538367436823,-0.5064802690558561
2018-12-27,0.25003591995871755,0.7817672740432785,-0.531731354084561
2018-12-28,0.2769597249666746,0.7843245055033125,-0.5073647805366379
2018-12-31,0.2600586623737147,0.7840301415057661,-0.5239714791320513
2019-01-02,0.2523150335808861,0.7832047811381989,-0.5308897475573129
2019-01-03,0.2462248271899178,0.782679675949197,-0.5364548487592792
2019-01-04,0.2820580392606956,0.7869896815406041,-0.5049316422799085
2019-01-07,0.2796045402637748,0.7826039333850332,-0.5029993931212584
2019-01-08,0.27178538773803995,0.7680764605705929,-0.4962910728325529
2019-01-09,0.2865731807654659,0.7669277248728288,-0.4803545441073629
2019-01-10,0.28037480738369913,0.7459264069571738,-0.4655515995734747
2019-01-11,0.2914353965305004,0.7624244900546849,-0.47098909352418455
2019-01-14,0.29966043798017417,0.7591305984842117,-0.45947016050403755
2019-01-15,0.2953167043885211,0.7639754925170138,-0.4686587881284927
2019-01-16,0.3059496934561278,0.7648593765366745,-0.45890968308054664
2019-01-17,0.3181239302980353,0.7654054253357494,-0.4472814950377141
2019-01-18,0.3208289237349174,0.7580943850722448,-0.4372654613373274
2019-01-22,0.3955141490209875,0.7520168099643052,-0.3565026609433177
2019-01-23,0.40110519936954453,0.7508703281275837,-0.34976512875803917
2019-01-24,0.3895232638059666,0.7452059122786175,-0.35568264847265096
2019-01-25,0.4088027106577188,0.7462198899463995,-0.33741717928868076
2019-01-28,0.3750402512814497,0.7596117272870981,-0.38457147600564845
2019-01-29,0.3801564905093726,0.7594929212188513,-0.37933643070947864
2019-01-30,0.35140698267587267,0.7662378463555757,-0.414830863679703
2019-01-31,0.36010826582285194,0.7680138788827942,-0.4079056130599422
2019-02-01,0.3510654111214035,0.7697889776782179,-0.41872356655681436
2019-02-04,0.3351446674234832,0.770985847568952,-0.43584118014546885
2019-02-05,0.32867543830138074,0.7708438431756511,-0.4421684048742704
2019-02-06,0.34843581448717253,0.7701711021457858,-0.42173528765861323
2019-02-07,0.32447541872926156,0.7731425380727096,-0.44866711934344805
2019-02-08,0.3103143383404767,0.7728317274327554,-0.4625173890922787
2019-02-11,0.2926513214872839,0.7699431611141426,-0.4772918396268587
2019-02-12,0.30010845744963066,0.771312012439968,-0.4712035549903374
2019-02-13,0.2890647938109682,0.7712859530623832,-0.482221159251415
2019-02-14,0.290712377519832,0.7723519495114375,-0.4816395719916055
2019-02-15,0.3064811034733955,0.7719336144390438,-0.4654525109656483
2019-02-19,0.3144553782578887,0.7784951889430286,-0.4640398106851399
2019-02-20,0.3668709809135378,0.7811162322226382,-0.41424525130910034
2019-02-21,0.39238971146372215,0.7846783864743667,-0.39228867501064457
2019-02-22,0.4036386053323861,0.7906352839230156,-0.38699667859062953
2019-02-25,0.3738593341336238,0.7915052058273054,-0.4176458716936816
2019-02-26,0.37510592684584926,0.7974587370957384,-0.4223528102498892
2019-02-27,0.38277762877820326,0.7976303263218809,-0.41485269754367765
2019-02-28,0.3963142024323244,0.7980304388686356,-0.40171623643631116
2019-03-01,0.394147669735443,0.8016622930860714,-0.4075146233506284
2019-03-04,0.43678628075979997,0.8207276232575048,-0.38394134249770484
2019-03-05,0.4472373178329921,0.8208966005257647,-0.37365928269277265
2019-03-06,0.410767788891661,0.814739755062429,-0.403971966170768
2019-03-07,0.3908850830631858,0.8148637787373672,-0.42397869567418134
2019-03-08,0.404268710820691,0.8190063711590888,-0.4147376603383978
2019-03-11,0.4220128751404434,0.8393853287447166,-0.4173724536042732
2019-03-12,0.39838694760236376,0.8476077198603691,-0.44922077225800533
2019-03-13,0.3703472091941334,0.8497260621851986,-0.47937885299106525
2019-03-14,0.3702674900935593,0.8462081572681754,-0.47594066717461614
2019-03-15,0.3860767474196615,0.8526792931470887,-0.46660254572742715
2019-03-18,0.3826411675169734,0.8541180641083834,-0.47147689659141
2019-03-19,0.3593321889927621,0.8536764941865566,-0.49434430519379446
2019-03-20,0.3697117764796932,0.852781879612546,-0.4830701031328528
2019-03-21,0.35008480833600786,0.8528757899289807,-0.5027909815929729
2019-03-22,0.341521820327153,0.8542617524130864,-0.5127399320859334
2019-03-25,0.3293496444389709,0.851678965021735,-0.5223293205827642
2019-03-26,0.3333431902302499,0.8517508711495066,-0.5184076809192568
2019-03-27,0.32420837806725517,0.8542029017124321,-0.5299945236451769
2019-03-28,0.3393880427479731,0.8597548318091988,-0.5203667890612257
2019-03-29,0.3880675572112725,0.8634582030699276,-0.4753906458586551
2019-04-01,0.3722014192760962,0.8579648525734417,-0.4857634332973455
2019-04-02,0.3396335366837204,0.8575129276686595,-0.5178793909849391
2019-04-03,0.3152748212431575,0.8564010069873593,-0.5411261857442018
2019-04-04,0.31823954416048006,0.854528525262266,-0.5362889811017859
2019-04-05,0.2915611407988484,0.8545625746656592,-0.5630014338668108
2019-04-08,0.30211799364146097,0.8549747080663659,-0.5528567144249049
2019-04-09,0.4118264740252675,0.849243337958035,-0.43741686393276746
2019-04-10,0.40519953352324733,0.8410101744986228,-0.4358106409753755
2019-04-11,0.4009274077524347,0.8400783320455373,-0.4391509242931026
2019-04-12,0.40567650704747127,0.8458628057492215,-0.4401862987017502
2019-04-15,0.3978903283915746,0.8491170070690448,-0.4512266786774702
2019-04-16,0.3724922329399885,0.8471281429935774,-0.4746359100535889
2019-04-17,0.35247104881571245,0.8358011174363255,-0.483330068620613
2019-04-18,0.34900579949302557,0.8383781389746342,-0.48937233948160863
2019-04-22,0.34878530049286804,0.842055974691813,-0.493270674198945
2019-04-23,0.36053347464522956,0.8491875384584613,-0.48865406381323173
2019-04-24,0.3546125304366346,0.8456863742797317,-0.4910738438430971
2019-04-25,0.32672912590009895,0.844496962515361,-0.517767836615262
2019-04-26,0.31600162465576564,0.8448644135223414,-0.5288627888665758
2019-04-29,0.30437079168282705,0.8468217734250476,-0.5424509817422205
2019-04-30,0.31473766623435373,0.8490104851073429,-0.5342728188729892
2019-05-01,0.29380611166969306,0.8465182253389253,-0.5527121136692322
2019-05-02,0.2634115410657594,0.8443513457567072,-0.5809398046909477
2019-05-03,0.2594033886314383,0.8442920366549977,-0.5848886480235594
2019-05-06,0.2372883792730265,0.8409227982385048,-0.6036344189654783
2019-05-07,0.24225493136432372,0.8402903494928533,-0.5980354181285296
2019-05-08,0.22780353480041202,0.8394693575132386,-0.6116658227128265
2019-05-09,0.21685451046506646,0.8429980377622597,-0.6261435272971932
2019-05-10,0.21072299454909113,0.8422841090419504,-0.6315611144928592
2019-05-13,0.18094714173339088,0.8420011690492432,-0.6610540273158523
2019-05-14,0.15401985568771742,0.8306605852243943,-0.676640729536677
2019-05-15,0.14783418540869298,0.8306617490243792,-0.6828275636156862
2019-05-16,0.14749289371294652,0.8312024736343987,-0.6837095799214522
2019-05-17,0.19687804145789287,0.8352826714928165,-0.6384046300349236
2019-05-20,0.21368360826336405,0.8361827832991044,-0.6224991750357404
2019-05-21,0.17188165164463998,0.8351456825701596,-0.6632640309255197
2019-05-22,0.1715915038307266,0.8634153580169629,-0.6918238541862363
2019-05-23,0.18035629352056876,0.8602943596541904,-0.6799380661336216
2019-05-24,0.19161656117871442,0.8620036589953088,-0.6703870978165944
2019-05-28,0.17440814369117483,0.8625277826761301,-0.6881196389849552
2019-05-29,0.17208236201293983,0.8610780326368824,-0.6889956706239426
2019-05-30,0.14865409561600818,0.856290641628221,-0.7076365460122128
2019-05-31,0.1613700514320037,0.8648379379169471,-0.7034678864849434
2019-06-03,0.18002040839142494,0.8564807122452613,-0.6764603038538364
2019-06-04,0.25636008971816104,0.8642329503806019,-0.6078728606624408
2019-06-05,0.22779003401691764,0.8632784548950144,-0.6354884208780968
2019-06-06,0.22487911974066552,0.8609614247277816,-0.636082304987116
2019-06-07,0.215213412291254,0.8611282883153902,-0.6459148760241362
2019-06-10,0.2095099033746645,0.8622169270641838,-0.6527070236895194
2019-06-11,0.29960720666955826,0.8663317264583361,-0.5667245197887778
2019-06-12,0.2847108792855062,0.8648980427635633,-0.5801871634780571
2019-06-13,0.28000535165064777,0.863998296573825,-0.5839929449231772
2019-06-14,0.28409267648702385,0.8621159240521865,-0.5780232475651627
2019-06-17,0.27156658433690645,0.8622737040928632,-0.5907071197559568
2019-06-18,0.2588511953287347,0.8637689175534026,-0.6049177222246679
2019-06-19,0.2702037746408692,0.8640026383784627,-0.5937988637375935
2019-06-20,0.2571180167278116,0.8568402587584495,-0.5997222420306378
2019-06-21,0.35628073680604483,0.8564515754429656,-0.5001708386369208
2019-06-24,0.3383082914700568,0.8434053439080151,-0.5050970524379583
2019-06-25,0.32542492484880653,0.83780731815346,-0.5123823933046534
2019-06-26,0.32585919703357225,0.8351752264936212,-0.509316029460049
2019-06-27,0.3008758740458909,0.8316275018847774,-0.5307516278388865
2019-06-28,0.28660349581873507,0.8325111907862793,-0.5459076949675443
2019-07-01,0.3038514031344052,0.8331197811471235,-0.5292683780127183
2019-07-02,0.30114472236657,0.821978274058893,-0.520833551692323
2019-07-03,0.29977897188096103,0.8104461696624855,-0.5106671977815245
2019-07-05,0.32501401255139833,0.8100307394069969,-0.48501672685559855
2019-07-08,0.305331313860194,0.8147626083535403,-0.5094312944933463
2019-07-09,0.30378212396365695,0.8110067860659536,-0.5072246621022967
2019-07-10,0.2864346028567068,0.8104242418432094,-0.5239896389865026
2019-07-11,0.31153406388213,0.80895894584394,-0.49742488196181
2019-07-12,0.32125287725736124,0.8088821798629509,-0.4876293026055896
2019-07-15,0.32756463428358856,0.8047023856875613,-0.4771377514039727
2019-07-16,0.3172092945882687,0.7992275625068681,-0.4820182679185994
2019-07-17,0.29449308869270485,0.7705457598602369,-0.476052671167532
2019-07-18,0.34770711749926514,0.7824907631562159,-0.43478364565695077
2019-07-19,0.3645865309789356,0.7900392234267337,-0.4254526924477981
2019-07-22,0.37241307061841217,0.7879415505688175,-0.41552847995040537
2019-07-23,0.34505762623477076,0.7780283614870586,-0.4329707352522878
2019-07-24,0.3516201789968181,0.7744427573549286,-0.42282257835811055
2019-07-25,0.3386335852466354,0.7588596505627865,-0.4202260653161511
2019-07-26,0.3552311066282526,0.7614725733194957,-0.4062414666912431
2019-07-29,0.3479286348826567,0.7604379947171198,-0.41250935983446313
2019-07-30,0.3382905219591297,0.7612121748492731,-0.4229216528901434
2019-07-31,0.3282931950704057,0.7613660572038583,-0.4330728621334526
2019-08-01,0.3402417856949205,0.7676454032499914,-0.42740361755507095
2019-08-02,0.3191555850145554,0.7569082673579531,-0.43775268234339776
2019-08-05,0.3202313661359597,0.7564619876346494,-0.43623062149868974
2019-08-06,0.36358209419765586,0.7594772484825841,-0.3958951542849283
2019-08-07,0.3092165953188531,0.7512020216834376,-0.44198542636458454
2019-08-08,0.29719721922758147,0.7494488040218233,-0.4522515847942419
2019-08-09,0.2928724430904082,0.7450509702910016,-0.4521785272005934
2019-08-12,0.26033243221418356,0.744479283171459,-0.4841468509572754
2019-08-13,0.2351987366484715,0.7434204555751199,-0.5082217189266485
2019-08-14,0.24966012915258923,0.7449667746212848,-0.49530664546869557
2019-08-15,0.22422485781977863,0.7472776363105933,-0.5230527784908147
2019-08-16,0.23930475142430263,0.7456045577464944,-0.5062998063221917
2019-08-19,0.23591520600832105,0.746025840502904,-0.5101106344945829
2019-08-20,0.2724745810405018,0.750637040250442,-0.47816245920994016
2019-08-21,0.13687481586033257,0.7418727299308623,-0.6049979140705297
2019-08-22,0.11258046001439947,0.7435482661253916,-0.6309678061109921
2019-08-23,0.10815419255048653,0.7441341189165236,-0.6359799263660371
2019-08-26,0.1618478869746143,0.7571058566878106,-0.5952579697131963
2019-08-27,0.18156966572526417,0.7534071926438244,-0.5718375269185603
2019-08-28,0.13414972297652966,0.7469357155036512,-0.6127859925271215
2019-08-29,0.12702151072746362,0.740620381573551,-0.6135988708460874
2019-08-30,0.10966552669973456,0.7423835951389682,-0.6327180684392337
2019-09-03,0.1488629283519221,0.7426514540150285,-0.5937885256631064
2019-09-04,0.17251390507602848,0.7383638388654061,-0.5658499337893776
2019-09-05,0.10521181439265484,0.7244482043667924,-0.6192363899741375
2019-09-06,0.18646152200323368,0.7534177144185826,-0.566956192415349
2019-09-09,0.2519252875399385,0.7530624606990235,-0.501137173159085
2019-09-10,0.18398400355357147,0.7578863341960594,-0.573902330642488
2019-09-11,0.18200676813603997,0.7530533088286168,-0.5710465406925768
2019-09-12,0.17131762144308427,0.7532885241159176,-0.5819709026728334
2019-09-13,0.16220489554251094,0.7528968788838015,-0.5906919833412906
2019-09-16,0.14848964209688081,0.7494406216960372,-0.6009509795991563
2019-09-17,0.13533347171516155,0.7489141877501335,-0.613580716034972
2019-09-18,0.11608842931759582,0.7484767806442375,-0.6323883513266417
2019-09-19,0.10351519125193273,0.7500558280083871,-0.6465406367564543
2019-09-20,0.13145000904377438,0.748964925520606,-0.6175149164768317
2019-09-23,0.13166847345110327,0.7500081402004657,-0.6183396667493624
2019-09-24,0.10643040352371466,0.7296292565278211,-0.6231988530041064
2019-09-25,0.09721591179645821,0.7261038183767252,-0.628887906580267
2019-09-26,0.11266702686799497,0.742882762412153,-0.630215735544158
2019-09-27,0.09368602937863935,0.7430145236241581,-0.6493284942455188
2019-09-30,0.05565419827761796,0.744554681000443,-0.688900482722825
2019-10-01,0.0776677024863088,0.7530821011529544,-0.6754143986666455
2019-10-02,0.1113122031565209,0.7543891276977996,-0.6430769245412787
2019-10-03,0.10808966987785623,0.7571766943245448,-0.6490870244466886
2019-10-04,0.08772800791570551,0.7608195963085629,-0.6730915883928574
2019-10-07,0.08239614323030302,0.761285825641984,-0.678889682411681
2019-10-08,0.08737837669005574,0.7615593239975232,-0.6741809473074675
2019-10-09,0.09266590212032873,0.7608786196318522,-0.6682127175115234
2019-10-10,0.08675920874389852,0.7592774561618989,-0.6725182474180004
2019-10-11,0.10874701518218761,0.7622176679187134,-0.6534706527365257
2019-10-14,0.10468369879067249,0.7608051877967416,-0.656121489006069
2019-10-15,0.08546031619907303,0.7610926282701369,-0.6756323120710639
2019-10-16,0.07105234465033404,0.7624166262069576,-0.6913642815566235
2019-10-17,0.07229385255710248,0.7609687297352297,-0.6886748771781271
2019-10-18,0.11661446551858426,0.7595686002103743,-0.6429541346917901
2019-10-21,0.11355384729177512,0.7598605686892738,-0.6463067213974987
2019-10-22,0.11428372585828311,0.7589390556121246,-0.6446553297538415
2019-10-23,0.10106987277925578,0.7630034274655787,-0.661933554686323
2019-10-24,0.09822156863382746,0.7606493044479635,-0.662427735814136
2019-10-25,0.11353531211091862,0.7618008303254565,-0.6482655182145379
2019-10-28,0.1106904980919622,0.7606499811468045,-0.6499594830548423
2019-10-29,0.12704472915217593,0.7630414636483205,-0.6359967344961446
2019-10-30,0.1632334436881411,0.7625103725229857,-0.5992769288348446
2019-10-31,0.1624265474019778,0.7584458563701953,-0.5960193089682175
2019-11-01,0.15956357041867134,0.7597086139272897,-0.6001450435086184
2019-11-04,0.154851915921097,0.7603386418471214,-0.6054867259260244
2019-11-05,0.13137936432665226,0.7602302517703783,-0.628850887443726
2019-11-06,0.16070500278159938,0.767803793767239,-0.6070987909856396
2019-11-07,0.17002510005146435,0.7673032054637404,-0.5972781054122761
2019-11-08,0.18747544966533233,0.77457589150934,-0.5871004418440077
2019-11-11,0.20104668450266788,0.7751639072228114,-0.5741172227201434
2019-11-12,0.19358675471940678,0.7752184915459149,-0.5816317368265081
2019-11-13,0.21163720537155295,0.780065807684681,-0.5684286023131281
2019-11-14,0.2027233480462093,0.7847126618480603,-0.581989313801851
2019-11-15,0.16192575687565577,0.7862906897593065,-0.6243649328836507
2019-11-18,0.12694819581536732,0.7878097044388814,-0.6608615086235141
2019-11-19,0.11662729826040133,0.7878716887413998,-0.6712443904809985
2019-11-20,0.11723608748500003,0.787437564771034,-0.670201477286034
2019-11-21,0.12670651634040786,0.792961366685354,-0.6662548503449461
2019-11-22,0.11622546493720737,0.8061702608720867,-0.6899447959348792
2019-11-25,0.15496657147355422,0.8062809083182254,-0.6513143368446712
2019-11-26,0.17342959709537142,0.8036865330385836,-0.6302569359432122
2019-11-27,0.16571959062195726,0.8059149911886357,-0.6401954005666785
2019-11-29,0.18753118179181652,0.8065825020075732,-0.6190513202157567
2019-12-02,0.20336719152684277,0.8118833046743045,-0.6085161131474617
2019-12-03,0.19928318668517053,0.8115916089160927,-0.6123084222309222
2019-12-04,0.2302567748318959,0.8135100000788176,-0.5832532252469217
2019-12-05,0.25875396306238146,0.8118352155899009,-0.5530812525275195
2019-12-06,0.2363995103230005,0.8221733805438595,-0.585773870220859
2019-12-09,0.26691366377399645,0.819712218747866,-0.5527985549738696
2019-12-10,0.28884152007803465,0.8153313154272248,-0.5264897953491902
2019-12-11,0.2349386787166939,0.8212071284737624,-0.5862684497570685
2019-12-12,0.2488543980163934,0.8249060984528807,-0.5760517004364872
2019-12-13,0.24771906914996122,0.8233269905188789,-0.5756079213689177
2019-12-16,0.25795377216252363,0.8212171451676987,-0.563263373005175
2019-12-17,0.22734154942091855,0.8198694269523704,-0.5925278775314519
2019-12-18,0.24098198771144455,0.8205634182812553,-0.5795814305698108
2019-12-19,0.21806144379052964,0.8207983991866109,-0.6027369553960813
2019-12-20,0.26052252129714354,0.8205155627553807,-0.5599930414582373
2019-12-23,0.18572535726917058,0.817219043270757,-0.6314936860015864
2019-12-24,0.2154635848186385,0.8408642311779143,-0.6254006463592758
2019-12-26,0.2454958263432294,0.8424906648950391,-0.5969948385518097
2019-12-27,0.22681303248219276,0.8478030272650835,-0.6209899947828907
2019-12-30,0.26330195083194896,0.8498213977045554,-0.5865194468726065
2019-12-31,0.2339154121736543,0.8425664554563571,-0.6086510432827028
2020-01-02,0.21476471691929186,0.8463700999562466,-0.6316053830369547
2020-01-03,0.22762288825655222,0.8467815225839023,-0.6191586343273501
2020-01-06,0.203406464534536,0.8379140365652958,-0.6345075720307598
2020-01-07,0.22326820861195507,0.8340761178129582,-0.6108079092010031
2020-01-08,0.20349825174636646,0.8330076631340464,-0.6295094113876799
2020-01-09,0.2081676159517257,0.8365015234260209,-0.6283339074742952
2020-01-10,0.24010412899373645,0.8376734156843004,-0.597569286690564
2020-01-13,0.23869314218465518,0.837611106982523,-0.5989179647978677
2020-01-14,0.1725543886609919,0.8351311880954911,-0.6625767994344992
2020-01-15,0.1716706081003785,0.8350792894795799,-0.6634086813792014
2020-01-16,0.21106192370157761,0.8357525829856932,-0.6246906592841156
2020-01-17,0.19513038897488308,0.8345992178759248,-0.6394688289010417
2020-01-21,0.24173731589003927,0.8365953701748483,-0.594858054284809
2020-01-22,0.1942544296881765,0.8307210213569007,-0.6364665916687242
2020-01-23,0.21451143095598268,0.8352821996029167,-0.620770768646934
2020-01-24,0.19078865721702182,0.8355004428883784,-0.6447117856713567
2020-01-27,0.25222581425224994,0.8389192555919696,-0.5866934413397196
2020-01-28,0.26800345490944766,0.8286945518054539,-0.5606910968960063
2020-01-29,0.22069817238254844,0.8305145714058714,-0.609816399023323
2020-01-30,0.2975955183278377,0.805681227231651,-0.5080857089038133
2020-01-31,0.24387044852129605,0.7955388191023026,-0.5516683705810066
2020-02-03,0.2536401214213759,0.7972193665747729,-0.543579245153397
2020-02-04,0.2580337654975872,0.8099085067222073,-0.5518747412246201
2020-02-05,0.2155681951863193,0.7957900889155617,-0.5802218937292424
2020-02-06,0.24968739475069748,0.7964103745406218,-0.5467229797899243
2020-02-07,0.2405235792445818,0.7982964850416256,-0.5577729057970439
2020-02-10,0.22926504309440263,0.7931305806844956,-0.563865537590093
2020-02-11,0.25113471809883203,0.7935442747762957,-0.5424095566774637
2020-02-12,0.21625669943206066,0.7917250153385962,-0.5754683159065355
2020-02-13,0.2254997047489181,0.7906981435677858,-0.5651984388188677
2020-02-14,0.23946904533443839,0.7917615368822699,-0.5522924915478316
2020-02-18,0.19197726859820577,0.8146728874633843,-0.6226956188651785
2020-02-19,0.22786057522720046,0.8276128693347738,-0.5997522941075734
2020-02-20,0.2380364946130353,0.8094490947416824,-0.571412600128647
2020-02-21,0.25509666051397045,0.8044026832008805,-0.54930602268691
2020-02-24,0.24978992741677153,0.7959311789291298,-0.5461412515123583
2020-02-25,0.2632117715147131,0.7806468230557633,-0.5174350515410502
2020-02-26,0.2806109474790151,0.8024796212548528,-0.5218686737758378
2020-02-27,0.2644950802026291,0.7951806558124288,-0.5306855756097997
2020-02-28,0.2543879569963369,0.7927450582122124,-0.5383571012158755
2020-03-02,0.2788964078624873,0.839978448887242,-0.5610820410247548
2020-03-03,0.28547065139925665,0.8406563057663431,-0.5551856543670864
2020-03-04,0.2907985777976469,0.8408093763859552,-0.5500107985883083
2020-03-05,0.2699434123598565,0.8406402056438651,-0.5706967932840086
2020-03-06,0.2729632877515288,0.8324913389732514,-0.5595280512217227
2020-03-09,0.2532661582129358,0.8346816013272167,-0.5814154431142808
2020-03-10,0.20471646009881136,0.8253652719758687,-0.6206488118770573
2020-03-11,0.18979562219813784,0.8094586968834244,-0.6196630746852866
2020-03-12,0.18031108469888962,0.8113694507282759,-0.6310583660293863
2020-03-13,0.16406623151599437,0.8508663293023133,-0.6868000977863189
2020-03-16,0.1564756003205795,0.867460552812568,-0.7109849524919885
2020-03-17,0.07592138535115661,0.7462407563543113,-0.6703193710031548
2020-03-18,0.05926464621951782,0.7347183332216535,-0.6754536870021357
2020-03-19,0.04054302030852276,0.7470912719393057,-0.7065482516307829
2020-03-20,0.020343165951432516,0.7192108824812087,-0.6988677165297762
2020-03-23,-0.0023812947353221534,0.7256747244774756,-0.7280560192127977
2020-03-24,-0.03253637511031118,0.7494885320994324,-0.7820249072097436
2020-03-25,0.00410765532620665,0.7813771324177896,-0.777269477091583
2020-03-26,-0.0011032383216521555,0.7636728781574108,-0.764776116479063
2020-03-27,0.005983447667890756,0.7605038366603328,-0.7545203889924421
2020-03-30,0.0038109020243918415,0.760173377364912,-0.7563624753405201
2020-03-31,-0.014130595346668629,0.7551999630343947,-0.7693305583810633
2020-04-01,-0.011197781568362765,0.7326408587682065,-0.7438386403365693
2020-04-02,-0.014933830650802705,0.7307552194021945,-0.7456890500529971
2020-04-03,-0.02626054094194586,0.7316935365148027,-0.7579540774567486
2020-04-06,-0.04477851157892083,0.7296957777664212,-0.7744742893453421
2020-04-07,0.0022940240022229254,0.7401961611340293,-0.7379021371318064
2020-04-08,-0.005994982762257861,0.7396187743642209,-0.7456137571264787
2020-04-09,-0.001331838352530104,0.7379100377745841,-0.7392418761271142
2020-04-13,0.008450349492250497,0.7420919071113568,-0.7336415576191062
2020-04-14,0.015360993866997038,0.739356664447467,-0.7239956705804699
2020-04-15,0.019690569374076136,0.7399962451499155,-0.7203056757758394
2020-04-16,0.02998137323750555,0.7410947042634561,-0.7111133310259505
2020-04-17,0.023870875253669172,0.7408848726662463,-0.7170139974125771
2020-04-20,0.027437541164443583,0.7441750460434564,-0.7167375048790128
2020-04-21,0.03317539001912103,0.7444555460515593,-0.7112801560324382
2020-04-22,0.03671035613129618,0.7452868988870325,-0.7085765427557363
2020-04-23,0.03831825980032122,0.7459271188621615,-0.7076088590618402
2020-04-24,0.026573288681607406,0.7460427297038886,-0.7194694410222813
2020-04-27,0.025264576029630913,0.7449108860715561,-0.7196463100419251
2020-04-28,0.025933700963103608,0.7431651672258557,-0.717231466262752
2020-04-29,0.01475363255185835,0.7423428932453715,-0.7275892606935132
2020-04-30,0.051692723967341266,0.7430126919144329,-0.6913199679470916
2020-05-01,0.05329299248604394,0.7450475479122269,-0.691754555426183
2020-05-04,0.03888615176247146,0.7421548770073959,-0.7032687252449245
2020-05-05,0.03598782809614231,0.7411456456044451,-0.7051578175083028
2020-05-06,0.038268726822051825,0.7410424546999741,-0.7027737278779222
2020-05-07,0.04981559841089358,0.736261373540324,-0.6864457751294304
2020-05-08,0.05778378701265265,0.7408991864696275,-0.6831153994569749
2020-05-11,0.04395408198567967,0.7358250053145586,-0.691870923328879
2020-05-12,0.04593882927570486,0.7349185829725269,-0.6889797536968221
2020-05-13,0.04422079410398633,0.7347779374522231,-0.6905571433482367
2020-05-14,0.05928427559152386,0.7354304629318676,-0.6761461873403438
2020-05-15,0.06347859248573139,0.7362758622412497,-0.6727972697555183
2020-05-18,0.07959611808223774,0.7289756908812355,-0.6493795727989977
2020-05-19,0.0722090783692183,0.7214090699777701,-0.6491999916085518
2020-05-20,0.06929289599610347,0.7214030120166018,-0.6521101160204984
2020-05-21,0.06939199459344093,0.7204493318836485,-0.6510573372902075
2020-05-22,0.0810299101118004,0.7234834217318249,-0.6424535116200245
2020-05-26,0.08096769422947826,0.7239852450338685,-0.6430175508043903
2020-05-27,0.09852402287318372,0.7212675153624667,-0.622743492489283
2020-05-28,0.108368214100856,0.7203637308336429,-0.611995516732787
2020-05-29,0.10520456412749632,0.7223855873428829,-0.6171810232153866
2020-06-01,0.10241684867257879,0.7223337842858468,-0.619916935613268
2020-06-02,0.11431721198505874,0.7210077227500326,-0.6066905107649738
2020-06-03,0.09757001827402685,0.7209703115069698,-0.6234002932329429
2020-06-04,0.05404845228387009,0.7224744070820396,-0.6684259547981695
2020-06-05,0.03250656145985961,0.7213409343745748,-0.6888343729147152
2020-06-08,0.03275164588403885,0.7228932756636919,-0.690141629779653
2020-06-09,0.038004613675405766,0.7245673415542281,-0.6865627278788223
2020-06-10,0.0370209042077499,0.7199013520450698,-0.6828804478373198
2020-06-11,0.029265444954689693,0.7227087882072607,-0.693443343252571
2020-06-12,0.046566237975173716,0.7232628537755869,-0.6766966158004132
2020-06-15,0.04073492350680792,0.7232832954476774,-0.6825483719408695
2020-06-16,0.02691767004778124,0.7233593999584654,-0.6964417299106842
2020-06-17,0.024872014488854552,0.723375669663284,-0.6985036551744295
2020-06-18,0.0012569300611767692,0.723170909523881,-0.7219139794627042
2020-06-19,0.0028460050633108895,0.7240446810543938,-0.7211986759910829
2020-06-22,-0.004792359419381528,0.7242101059905456,-0.7290024654099271
2020-06-23,-0.015036550583884967,0.723632604513348,-0.738669155097233
2020-06-24,-0.00962751457931234,0.7263321726641554,-0.7359596872434677
2020-06-25,-0.02767558383422507,0.7247418363661955,-0.7524174202004206
2020-06-26,-0.041862607117832976,0.7209995118828217,-0.7628621190006547
2020-06-29,-0.04641375636637686,0.7234461306574145,-0.7698598870237914
2020-06-30,-0.04693578843825799,0.7234103921476732,-0.7703461805859312
2020-07-01,-0.044449807582496684,0.7223741207811986,-0.7668239283636953
2020-07-02,-0.03809054055500541,0.7232679087763939,-0.7613584493313993
2020-07-06,-0.04718387525691557,0.722817158895882,-0.7700010341527976
2020-07-07,-0.039579208437038466,0.7225704548815535,-0.7621496633185919
2020-07-08,-0.0419010630291424,0.7217487153268913,-0.7636497783560338
2020-07-09,-0.038594710560281825,0.7207203770897576,-0.7593150876500394
2020-07-10,-0.011857931919744456,0.7208080571736267,-0.7326659890933712
2020-07-13,-0.040630426249243415,0.7181315772698434,-0.7587620035190868
2020-07-14,-0.04166889672474535,0.716351821235802,-0.7580207179605474
2020-07-15,-0.03235660928088051,0.7172484068139815,-0.749605016094862
2020-07-16,-0.033351818393468825,0.7175070975588438,-0.7508589159523126
2020-07-17,-0.016190363310628203,0.7191567801887241,-0.7353471434993523
2020-07-20,-0.06998670055741076,0.7140932976201402,-0.7840799981775509
2020-07-21,-0.05756343067907207,0.7131730962207862,-0.7707365268998583
2020-07-22,0.027744029365939327,0.711478992347789,-0.6837349629818497
2020-07-23,-0.013423329730193763,0.6872799060476529,-0.7007032357778467
2020-07-24,-0.0008048503339708746,0.680252899600054,-0.6810577499340249
2020-07-27,-0.027794554165611624,0.6786400929848481,-0.7064346471504597
2020-07-28,0.03598539448725177,0.6845760383877415,-0.6485906439004897
2020-07-29,-0.004743442033101068,0.685340276408562,-0.690083718441663
2020-07-30,-0.014019368140734548,0.6823265945778062,-0.6963459627185408
2020-07-31,-0.006062546883307025,0.685569230132174,-0.691631777015481
2020-08-03,-0.001842370317027605,0.6891187466174399,-0.6909611169344675
2020-08-04,0.003992887096861826,0.6886677803494387,-0.6846748932525768
2020-08-05,0.021398756790925576,0.6729595902831763,-0.6515608334922507
2020-08-06,-0.009677860789313398,0.6508617649052896,-0.660539625694603
2020-08-07,-0.005041110864033285,0.6844862770350385,-0.6895273878990718
2020-08-10,0.004385825593093898,0.7015020867342248,-0.6971162611411309
2020-08-11,0.03324074252684319,0.6794150113647701,-0.646174268837927
2020-08-12,0.027153843717844,0.7605479633980061,-0.7333941196801621
2020-08-13,0.03910406218170681,0.7587619311847918,-0.719657869003085
2020-08-14,0.03214203904214516,0.759326281634001,-0.7271842425918558
2020-08-17,0.014088529197272968,0.7416817417282506,-0.7275932125309776
2020-08-18,-0.009937650020174287,0.7577351424068537,-0.767672792427028
2020-08-19,-0.019501940385129507,0.7618385509064906,-0.7813404912916201
2020-08-20,-0.011212521434632325,0.766085969567817,-0.7772984910024494
2020-08-21,0.004752673717045775,0.7718861539673955,-0.7671334802503497
2020-08-24,0.01097481268266974,0.7912374643964493,-0.7802626517137795
2020-08-25,0.01755873678779155,0.7958253711390348,-0.7782666343512433
2020-08-26,0.02249682856676555,0.7931000687070304,-0.7706032401402648
2020-08-27,0.018450870043278857,0.7965443790699074,-0.7780935090266285
2020-08-28,0.013630510840968293,0.796125051564062,-0.7824945407230937
2020-08-31,0.0068814852721383254,0.7937394811511597,-0.7868579958790214
2020-09-01,0.01159477265284303,0.793271485215615,-0.7816767125627719
2020-09-02,0.009429702839137686,0.7966719712791218,-0.7872422684399841
2020-09-03,-0.0034911510674805334,0.8070997649069911,-0.8105909159744716
2020-09-04,0.03877540888687297,0.8078843877025502,-0.7691089788156773
2020-09-08,0.048078699677172126,0.8073224438507617,-0.7592437441735895
2020-09-09,0.04088725755750201,0.8071338369875339,-0.7662465794300319
2020-09-10,0.03260129712516364,0.8060594102401721,-0.7734581131150084
2020-09-11,0.019792300205444098,0.807057814945948,-0.7872655147405039
2020-09-14,0.0024488193832528675,0.8061232346442622,-0.8036744152610092
2020-09-15,0.0006439053575440475,0.8121845363280329,-0.8115406309704889
2020-09-16,-0.00870399950711805,0.814148002624459,-0.822852002131577
2020-09-17,-0.011642732301448102,0.813792826685886,-0.8254355589873341
2020-09-18,-0.015448559070887935,0.8141497573244939,-0.8295983163953818
2020-09-21,-0.01829596188499701,0.8121988717424479,-0.8304948336274449
2020-09-22,0.04511799522864216,0.8187732786331122,-0.7736552834044701
2020-09-23,0.03849732023903972,0.8197052409989372,-0.7812079207598974
2020-09-24,0.029081939820661172,0.8302598514525769,-0.8011779116319157
2020-09-25,0.028576629506396452,0.8325976401177447,-0.8040210106113482
2020-09-28,0.039817447190642535,0.8326276944244013,-0.7928102472337588
2020-09-29,0.047390534688520655,0.83819322522369,-0.7908026905351694
2020-09-30,0.04069881627173392,0.839167872153669,-0.7984690558819351
2020-10-01,-0.017403393151135444,0.8417720212328891,-0.8591754143840246
2020-10-02,0.02073465304928209,0.8432198791208046,-0.8224852260715225
2020-10-05,0.014755200736433815,0.8440268832287087,-0.8292716824922749
2020-10-06,0.01286492231792049,0.8455449062384894,-0.832679983920569
2020-10-07,-0.05109858724531836,0.8475777885988365,-0.8986763758441548
2020-10-08,-0.05729498239242167,0.8489800517847371,-0.9062750341771588
2020-10-09,-0.057001877496523704,0.8554758768617164,-0.9124777543582402
2020-10-12,-0.08224969487698941,0.8582736546666432,-0.9405233495436326
2020-10-13,-0.08472359993462852,0.8583401400785187,-0.9430637400131472
2020-10-14,-0.08103819743653148,0.8600883789314749,-0.9411265763680065
2020-10-15,-0.07736188374258376,0.8604839298238146,-0.9378458135663984
2020-10-16,-0.07199929193372924,0.8650743775928699,-0.9370736695265991
2020-10-19,-0.0850802313885936,0.8653507955151738,-0.9504310269037674
2020-10-20,-0.09361197656168448,0.8654774284336609,-0.9590894049953455
2020-10-21,-0.10161998432189899,0.8652087758346884,-0.9668287601565874
2020-10-22,-0.08888541461649525,0.865321926658461,-0.9542073412749562
2020-10-23,-0.08500792464459084,0.8647727684467695,-0.9497806930913604
2020-10-26,-0.045350400118941946,0.8671973947194217,-0.9125477948383637
2020-10-27,-0.03741527868284703,0.8696058568331889,-0.9070211355160359
2020-10-28,-0.00511767124473145,0.874278603771151,-0.8793962750158825
2020-10-29,0.000577577517913622,0.8765296071943318,-0.8759520296764182
2020-10-30,-0.008386903003327431,0.8830406599851841,-0.8914275629885116
2020-11-02,-0.02180841590852536,0.8822622470259925,-0.9040706629345179
2020-11-03,-0.06051429211818368,0.8818133788396514,-0.9423276709578351
2020-11-04,-0.069526734408873,0.8816214888393588,-0.9511482232482318
2020-11-05,-0.07152955420803137,0.8813875727215862,-0.9529171269296175
2020-11-06,-0.01900998845912584,0.8852318804027105,-0.9042418688618363
2020-11-09,-0.026825826065242097,0.8852004582328893,-0.9120262842981314
2020-11-10,-0.016587733139480133,0.8725052626554963,-0.8890929957949765
2020-11-11,-0.027650038248388083,0.8720885941258372,-0.8997386323742252
2020-11-12,-0.03291156055543265,0.8726421807275803,-0.9055537412830129
2020-11-13,-0.02961807632063596,0.8714750547111807,-0.9010931310318167
2020-11-16,-0.07910115670285224,0.8729721648510631,-0.9520733215539153
2020-11-17,-0.08320278544018715,0.8744399578738347,-0.9576427433140218
2020-11-18,-0.08342786595644651,0.8751323697652994,-0.9585602357217459
2020-11-19,-0.08441235963413857,0.8752390405866465,-0.959651400220785
2020-11-20,-0.08129693204315545,0.8752917747542062,-0.9565887067973616
2020-11-23,-0.08524667975830859,0.8748891942356214,-0.96013587399393
2020-11-24,-0.08028083519135197,0.8745057972461899,-0.9547866324375419
2020-11-25,-0.0774818419138532,0.8722692181300068,-0.94975106004386
2020-11-27,-0.07660749295338679,0.8742041001721151,-0.9508115931255019
2020-11-30,-0.07622983318970017,0.8749308519265476,-0.9511606851162477
2020-12-01,-0.08132136344929844,0.8739072940561705,-0.9552286575054689
2020-12-02,-0.1628357146839261,0.8776775073059107,-1.0405132219898368
2020-12-03,-0.1654095212778357,0.87639975855348,-1.0418092798313157
2020-12-04,-0.17061204767325155,0.8749543334134421,-1.0455663810866938
2020-12-07,-0.16124826716917331,0.8748671202185754,-1.0361153873877487
2020-12-08,-0.18610566722658284,0.872016036033482,-1.0581217032600647
2020-12-09,-0.1908465604670294,0.8717159350798119,-1.0625624955468413
2020-12-10,-0.1935262320760313,0.8723651131132412,-1.0658913451892724
2020-12-11,-0.16611268224429818,0.8728391951722808,-1.038951877416579
2020-12-14,-0.22353937321244488,0.8774749380208152,-1.1010143112332602
2020-12-15,-0.22590462432785666,0.8858771644275629,-1.1117817887554196
2020-12-16,-0.19946046726770086,0.8874619571883149,-1.0869224244560158
2020-12-17,-0.18603055575381477,0.8842933618021672,-1.070323917555982
2020-12-18,-0.1822582028426175,0.8878221593198549,-1.0700803621624724
2020-12-21,-0.17449370175495174,0.8919308071424299,-1.0664245088973816
2020-12-22,-0.11956223224952899,0.8903481694228618,-1.0099104016723908
2020-12-23,-0.12871312045633349,0.8889868380145016,-1.017699958470835
2020-12-24,-0.12350754136444159,0.8892551229628844,-1.012762664327326
2020-12-28,-0.1284419123695221,0.8854617682293929,-1.013903680598915
2020-12-29,-0.13779435210677515,0.8810457459760832,-1.0188400980828582
2020-12-30,-0.12786980214438243,0.8835641735204419,-1.0114339756648243
2020-12-31,-0.13321263775297054,0.8833447206071662,-1.0165573583601368
